1 0.43125 0.4734375 0.08046875 0.1453125
5 0.55234375 0.346875 0.14921875 0.25234375
1 0.68984375 0.6625 0.140625 0.18984375
1 0.91328125 0.959375 0.17265625 0.08125
1 0.76484375 0.359375 0.04296875 0.05078125
2 0.94375 0.5625 0.93515625 0.54305555625 0.92578125 0.5638888890625 0.92578125 0.584722221875 0.9390625 0.597222221875 0.9453125 0.5944444437499999 0.94375 0.5625
2 0.85703125 0.5527777781250001 0.86171875 0.5361111109375 0.86015625 0.5041666671875 0.853125 0.490277778125 0.84453125 0.5083333328124999 0.84375 0.5236111109375 0.846875 0.5375 0.85234375 0.5527777781250001 0.85703125 0.5527777781250001
2 0.790625 0.3958333328125 0.78359375 0.40277777812500004 0.784375 0.4236111109375 0.79296875 0.4263888890625 0.79296875 0.4 0.790625 0.3958333328125
2 0.2125 0.6 0.21484375 0.5888888890625 0.2046875 0.5833333328125 0.20390625 0.575 0.21484375 0.5763888890625 0.203125 0.5736111109375 0.203125 0.5694444437499999 0.2140625 0.5625 0.20859375 0.5486111109375 0.2046875 0.5513888890625 0.2015625 0.565277778125 0.2046875 0.5916666671875 0.209375 0.602777778125 0.2125 0.6
2 0.2265625 0.9208333328125 0.228125 0.94305555625 0.2359375 0.952777778125 0.234375 0.9138888890624999 0.2390625 0.89305555625 0.23671875 0.8611111109375 0.22421875 0.83194444375 0.215625 0.840277778125 0.21640625 0.8736111109375001 0.2203125 0.8875 0.221875 0.9083333328125001 0.2265625 0.9208333328125
2 0.01796875 0.49444444374999996 0.01640625 0.47361111093749997 0.009375 0.459722221875 0.00625 0.46527777812500004 0.00625 0.4888888890625 0.009375 0.497222221875 0.015625 0.4986111109375 0.01796875 0.49444444374999996
2 0.10078125 0.41805555625 0.10390625 0.41944444374999995 0.1078125 0.4125 0.10859375 0.40138888906250003 0.1046875 0.3861111109375 0.1 0.39027777812500003 0.09921875 0.39444444375 0.1078125 0.4 0.09921875 0.40555555625000006 0.10078125 0.41805555625
2 0.1234375 0.352777778125 0.13046875 0.35 0.12734375 0.33888888906250003 0.1234375 0.34305555625 0.12265625 0.3513888890625 0.12734375 0.3638888890625 0.13046875 0.3611111109375 0.1234375 0.352777778125
2 0.1421875 0.32777777812500003 0.13828125 0.32777777812500003 0.1375 0.34722222187499996 0.1421875 0.35 0.14296875 0.33194444375 0.1421875 0.32777777812500003
2 0.15625 0.33055555625 0.1546875 0.3111111109375 0.15 0.3125 0.1484375 0.3291666671875 0.15 0.3361111109375 0.15390625 0.3375 0.15625 0.33055555625
2 0.1734375 0.3013888890625 0.1765625 0.3013888890625 0.17890625 0.29444444375 0.17734375 0.28472222187499996 0.1734375 0.28055555625 0.171875 0.2833333328125 0.178125 0.29305555625 0.171875 0.2958333328125 0.1734375 0.3013888890625
5 0.23984375 0.23472222187499997 0.2359375 0.222222221875 0.22421875 0.23472222187499997 0.22421875 0.26527777812500003 0.2390625 0.2666666671875 0.24140625 0.2541666671875 0.23984375 0.23472222187499997
1 0.3609375 0.2138888890625 0.35859375 0.20972222187499998 0.34921875 0.20972222187499998 0.34609375 0.21805555625 0.3453125 0.22777777812500002 0.34765625 0.23333333281250002 0.3609375 0.23194444375 0.3609375 0.2138888890625
0 0.47421875 0.22777777812500002 0.47578125 0.21944444375 0.4734375 0.20416666718749998 0.46875 0.1986111109375 0.45859375 0.19305555624999998 0.4484375 0.20138888906250002 0.44765625 0.2125 0.45234375 0.225 0.4671875 0.23194444375 0.47421875 0.22777777812500002
0 0.36875 0.16388888906250001 0.35859375 0.165277778125 0.35625 0.172222221875 0.35703125 0.1888888890625 0.36796875 0.1888888890625 0.36875 0.16388888906250001
5 0.39296875 0.165277778125 0.39375 0.2 0.40546875 0.2 0.40546875 0.165277778125 0.39296875 0.165277778125