5 0.36875 0.5208333328125 0.365625 0.527777778125 0.3453125 0.5361111109375 0.32109375 0.5375 0.31953125 0.5319444437499999 0.31640625 0.5319444437499999 0.3140625 0.584722221875 0.3171875 0.6180555562500001 0.31484375 0.63055555625 0.3171875 0.6361111109375 0.31484375 0.6458333328125 0.31640625 0.6541666671875 0.3234375 0.6569444437499999 0.32578125 0.6833333328125 0.32421875 0.70555555625 0.33359375 0.8458333328125001 0.3296875 0.85555555625 0.32578125 0.852777778125 0.32421875 0.8736111109375001 0.32578125 0.8875 0.33984375 0.8958333328125001 0.33359375 0.9013888890624999 0.33828125 0.9013888890624999 0.33671875 0.909722221875 0.3421875 0.922222221875 0.34375 0.9666666671874999 0.34609375 0.9708333328125001 0.3484375 0.99444444375 0.35 0.9986111109375001 0.51875 0.9986111109375001 0.51640625 0.977777778125 0.5203125 0.9388888890624999 0.51953125 0.9013888890624999 0.51015625 0.8680555562500001 0.50859375 0.8375 0.5109375 0.8166666671874999 0.51328125 0.8125 0.52109375 0.8138888890624999 0.5203125 0.790277778125 0.5046875 0.7625 0.49375 0.7166666671875 0.48203125 0.690277778125 0.47890625 0.640277778125 0.459375 0.609722221875 0.43046875 0.5375 0.40703125 0.5305555562500001 0.40625 0.525 0.40078125 0.51944444375 0.4 0.51944444375 0.396875 0.5263888890625 0.3859375 0.525 0.38046875 0.5291666671875 0.36875 0.5208333328125
1 0.45390625 0.3625 0.46640625 0.3763888890625 0.4703125 0.372222221875 0.4953125 0.372222221875 0.49765625 0.34444444375 0.49609375 0.3291666671875 0.48984375 0.3138888890625 0.47421875 0.30555555624999997 0.4734375 0.30555555624999997 0.4609375 0.3083333328125 0.45234375 0.32083333281250004 0.45 0.34444444375 0.45390625 0.3625
2 0.1796875 0.9986111109375001 0.1765625 0.965277778125 0.1703125 0.9513888890625 0.16953125 0.95 0.16484375 0.9541666671875 0.16171875 0.9680555562500001 0.1609375 0.9986111109375001 0.1796875 0.9986111109375001
2 0.21328125 0.9986111109375001 0.2125 0.9638888890624999 0.20859375 0.9458333328125 0.20078125 0.9277777781250001 0.196875 0.9277777781250001 0.1890625 0.9444444437499999 0.18828125 0.98194444375 0.190625 0.9958333328125001 0.21328125 0.9986111109375001
2 0.1890625 0.9388888890624999 0.196875 0.9263888890624999 0.20078125 0.909722221875 0.1984375 0.8763888890624999 0.19296875 0.8638888890624999 0.1890625 0.8638888890624999 0.18515625 0.86944444375 0.1828125 0.890277778125 0.184375 0.9166666671874999 0.1890625 0.9388888890624999
1 0.13359375 0.7958333328125 0.13046875 0.8375 0.13359375 0.8652777781250001 0.1390625 0.8708333328125001 0.165625 0.8652777781250001 0.1796875 0.85694444375 0.17890625 0.8361111109375001 0.1828125 0.8208333328125 0.18515625 0.790277778125 0.18046875 0.7625 0.1765625 0.75555555625 0.17734375 0.7361111109375 0.1703125 0.722222221875 0.165234375 0.722222221875 0.146875 0.727777778125 0.1421875 0.7375 0.14140625 0.7541666671875 0.13359375 0.7958333328125
5 0.18527427968750002 0.6416483937499999 0.1831556921875 0.6740542781250001 0.1895114546875 0.7079673859375 0.22552744531250002 0.6974166312500001 0.23103575312500002 0.60245990625 0.2242562796875 0.5572424296875 0.192929421875 0.5595883500000001 0.1848505359375 0.6054744750000001 0.188664 0.6213005234375 0.18527427968750002 0.6416483937499999
1 0.133580721875 0.5346336890625001 0.1395127734375 0.5836192921875 0.1496820015625 0.5813584234375 0.1645121140625 0.5459380578124999 0.1632409484375 0.5082568265625 0.1560377640625 0.47509735937500003 0.133069384375 0.478597778125 0.1200217734375 0.514285846875 0.1200217734375 0.530111953125 0.133580721875 0.5346336890625001
1 0.161546071875 0.640141140625 0.1818845265625 0.6393875828125 0.1882402890625 0.6280832140625 0.183579403125 0.6092425984375 0.192053753125 0.5602569953125001 0.2017992375 0.5587496828125 0.19629092812499999 0.5384018125 0.1743887015625 0.5398115828125001 0.1585800625 0.5851265453125001 0.1568851859375 0.6092425984375 0.161546071875 0.640141140625
0 0.07807373281249999 0.67103976875 0.08273461875 0.6951557328125 0.11197113437499999 0.6898803828125 0.14120765 0.593416434375 0.1306147125 0.529358340625 0.10181502812500001 0.528510571875 0.0662096453125 0.62054696875 0.0683282328125 0.664257134375 0.07807373281249999 0.67103976875
1 0.11536087187499999 0.7682293609374999 0.1395127734375 0.766722078125 0.1429025265625 0.726779978125 0.16196981562499999 0.724519109375 0.169173 0.6679972609375 0.157732640625 0.6348377937499999 0.133069384375 0.6377536703125 0.114937159375 0.7102002578125 0.11154740625 0.745620621875 0.11536087187499999 0.7682293609374999
0 0 0.90959389375 0.046784025 0.8948746375000001 0.0900017296875 0.7330238546875 0.0739100265625 0.668422803125 0.0366692359375 0.670058246875 0 0.75749515 0 0.90959389375
0 0.025420420312499997 0.60382171875 0.0019725 0.60136851875 0.0005932140625000001 0.7485608328125 0.0364547375 0.6741469234374999 0.025420420312499997 0.60382171875
2 0 0.5208333328125 0.00546875 0.4986111109375 0.0015625 0.48333333281249996 0 0.48333333281249996 0 0.5208333328125
2 0.0171875 0.534722221875 0.02109375 0.5291666671875 0.021875 0.5111111109375 0.01953125 0.49583333281249997 0.0140625 0.4888888890625 0.01328125 0.4888888890625 0.0078125 0.5013888890625 0.0109375 0.5097222218749999 0.0125 0.5319444437499999 0.0171875 0.534722221875
2 0 0.597222221875 0.0109375 0.590277778125 0.00859375 0.5583333328125 0.003125 0.54444444375 0 0.54444444375 0 0.597222221875
2 0.07265625 0.45 0.07578125 0.4458333328125 0.075 0.4291666671875 0.0703125 0.41805555625 0.06796875 0.41805555625 0.0640625 0.4263888890625 0.0640625 0.44166666718750003 0.06796875 0.45 0.07265625 0.45
2 0.23203125 0.46666666718750005 0.23203125 0.45416666718750004 0.228125 0.4388888890625 0.22734375 0.4388888890625 0.2234375 0.44305555625000004 0.2234375 0.46388888906250003 0.22890625 0.47222222187499996 0.23203125 0.46666666718750005
2 0.103125 0.4138888890625 0.09921875 0.39027777812500003 0.0984375 0.39027777812500003 0.09375 0.40138888906250003 0.0953125 0.4166666671875 0.09921875 0.42083333281249996 0.103125 0.4138888890625
2 0.11953125 0.35859375 0.00859375 0.0234375
2 0.13828125 0.33055555625 0.1375 0.33055555625 0.134375 0.33194444375 0.1328125 0.3416666671875 0.13828125 0.3611111109375 0.13828125 0.33055555625
2 0.16171875 0.3236111109375 0.15859375 0.31944444375000003 0.1578125 0.31944444375000003 0.15546875 0.3263888890625 0.1578125 0.3361111109375 0.16171875 0.33888888906250003 0.16171875 0.3236111109375
2 0.20859375 0.24583333281250003 0.209375 0.24444444375000002 0.209375 0.23611111093749998 0.20859375 0.23333333281250002 0.20703125 0.23194444375 0.2046875 0.23194444375 0.20390625 0.23333333281250002 0.203125 0.23611111093749998 0.203125 0.24305555625 0.2046875 0.24583333281250003 0.20859375 0.24583333281250003
2 0.1640625 0.28472222187499996 0.1625 0.2986111109375 0.165625 0.30416666718749996 0.1671875 0.2916666671875 0.1640625 0.28472222187499996
2 0.1921875 0.2708333328125 0.19296875 0.2666666671875 0.19140625 0.2638888890625 0.19140625 0.2513888890625 0.18828125 0.2486111109375 0.18515625 0.2513888890625 0.18515625 0.26944444375 0.18671875 0.2708333328125 0.1921875 0.2708333328125
2 0.196875 0.2791666671875 0.1984375 0.275 0.19921875 0.26805555625 0.1984375 0.26527777812500003 0.1953125 0.26527777812500003 0.19375 0.2666666671875 0.19375 0.275 0.19453125 0.275 0.196875 0.2791666671875
2 0.20625 0.272222221875 0.2078125 0.2666666671875 0.20546875 0.25694444375000003 0.2046875 0.25555555625 0.203125 0.25555555625 0.20078125 0.25833333281250004 0.19765625 0.2666666671875 0.19765625 0.272222221875 0.2 0.275 0.20625 0.272222221875
1 0.39296875 0.3138888890625 0.38828125 0.2986111109375 0.38046875 0.2916666671875 0.3671875 0.29305555625 0.36171875 0.302777778125 0.36171875 0.352777778125 0.3640625 0.35694444375 0.39375 0.352777778125 0.39296875 0.3138888890625
1 0.3734375 0.2513888890625 0.3671875 0.2388888890625 0.35234375 0.240277778125 0.35078125 0.2611111109375 0.35 0.2833333328125 0.35390625 0.2916666671875 0.3796875 0.290277778125 0.3734375 0.2513888890625
1 0.40390625 0.23472222187499997 0.403125 0.21805555625 0.3984375 0.20833333281250002 0.38828125 0.20694444375 0.384375 0.2166666671875 0.38515625 0.23194444375 0.38828125 0.23611111093749998 0.40078125 0.240277778125 0.40390625 0.23472222187499997
1 0.66875 0.40694444374999994 0.6671875 0.3763888890625 0.66171875 0.36805555624999997 0.64765625 0.35972222187499997 0.6390625 0.35972222187499997 0.63515625 0.36666666718749996 0.63359375 0.39027777812500003 0.63828125 0.40138888906250003 0.653125 0.415277778125 0.66875 0.40694444374999994
0 0.56484375 0.3083333328125 0.56796875 0.302777778125 0.56796875 0.28194444375 0.56171875 0.26944444375 0.5453125 0.252777778125 0.52890625 0.2513888890625 0.5265625 0.2541666671875 0.52734375 0.26805555625 0.55234375 0.30416666718749996 0.56484375 0.3083333328125
2 0.728125 0.38055555625 0.72421875 0.375 0.7234375 0.3791666671875 0.7203125 0.40833333281249995 0.72265625 0.4125 0.728125 0.3958333328125 0.728125 0.38055555625
2 0.74375 0.3875 0.73984375 0.384722221875 0.7375 0.3888888890625 0.7359375 0.40138888906250003 0.73984375 0.4125 0.74296875 0.40694444374999994 0.74375 0.3875
2 0.75703125 0.3736111109375 0.75546875 0.36666666718749996 0.75078125 0.36944444375 0.74765625 0.3763888890625 0.75 0.40416666718750005 0.753125 0.40138888906250003 0.75703125 0.3736111109375
2 0.99921875 0.5944444437499999 0.9859375 0.5875 0.98125 0.602777778125 0.98125 0.6375 0.99375 0.6458333328125 0.99921875 0.64305555625 0.99921875 0.5944444437499999