1 0.7015625 0.61796875 0.14609375 0.175
1 0.934375 0.83984375 0.13046875 0.2453125
5 0.209375 0.63984375 0.04921875 0.159375
1 0.24296875 0.51484375 0.034375 0.1078125
5 0.4609375 0.32109375 0.07734375 0.12109375
5 0.3390625 0.21015625 0.03515625 0.0875
1 0.3828125 0.1984375 0.01484375 0.0265625
1 0.4 0.19921875 0.01796875 0.03671875
1 0.16171875 0.8078125 0.06796875 0.16640625
0 0.10078125 0.6125 0.08125 0.16640625
0 0.0484375 0.78359375 0.09609375 0.253125
1 0.17890625 0.584375 0.04453125 0.1078125
1 0.14453125 0.69375 0.06328125 0.15234375
5 0.49296875 0.36875 0.0578125 0.11015625
0 0.02421875 0.67890625 0.04765625 0.16328125
1 0.13984375 0.53359375 0.0609375 0.12109375
2 0.05859375 0.5015625 0.0203125 0.05390625
2 0.09609375 0.46796875 0.02109375 0.04765625
2 0.01015625 0.4703125 0.0203125 0.05703125
2 0.03046875 0.4734375 0.01796875 0.0546875
2 0.14140625 0.375 0.01640625 0.03515625
2 0.103125 0.3984375 0.0203125 0.04609375
2 0.1234375 0.35 0.01796875 0.034375
2 0.1453125 0.31328125 0.015625 0.0296875
2 0.16875 0.309375 0.0125 0.0265625
2 0.1734375 0.29296875 0.01015625 0.0265625
5 0.3078125 0.171875 0.02109375 0.03203125
2 0.44296875 0.1625 0.00859375 0.01484375
2 0.47734375 0.22890625 0.0109375 0.0203125
2 0.525 0.2609375 0.01328125 0.028125
2 0.57734375 0.31875 0.01484375 0.0296875
2 0.584375 0.3453125 0.01328125 0.0265625
2 0.6 0.36171875 0.0078125 0.02578125
1 0.4125 0.1515625 0.01015625 0.0140625
1 0.359375 0.19453125 0.015625 0.05390625
5 0.3234375 0.19453125 0.01640625 0.06171875
2 0.20234375 0.9609375 0.040625 0.078125
2 0.803125 0.41328125 0.01953125 0.04765625
2 0.79140625 0.3671875 0.0140625 0.03671875