1 0.62578125 0.5611111109375 0.63046875 0.547222221875 0.6296875 0.5208333328125 0.61953125 0.4888888890625 0.6 0.4611111109375 0.59140625 0.45694444375 0.55859375 0.4611111109375 0.540625 0.48055555625 0.53984375 0.5 0.54609375 0.5291666671875 0.57109375 0.5694444437499999 0.62578125 0.5611111109375
5 0.33828125 0.3578125 0.084375 0.253125
2 0.134375 0.38055555625 0.13046875 0.39444444375 0.13515625 0.40972222187499996 0.1390625 0.397222221875 0.134375 0.38055555625
2 0.22734375 0.44444444375 0.2203125 0.43194444374999996 0.21640625 0.43194444374999996 0.21953125 0.46388888906250003 0.22578125 0.46805555625000006 0.22734375 0.44444444375
2 0.23671875 0.3708333328125 0.2328125 0.3583333328125 0.23125 0.3583333328125 0.228125 0.3791666671875 0.23203125 0.3875 0.2359375 0.3875 0.23671875 0.3708333328125
2 0.16875 0.325 0.16328125 0.3166666671875 0.16171875 0.3166666671875 0.1609375 0.33194444375 0.165625 0.33888888906250003 0.16875 0.3333333328125 0.16875 0.325
2 0.1078125 0.4 0.11015625 0.38055555625 0.10390625 0.3708333328125 0.103125 0.36944444375 0.09921875 0.3736111109375 0.0984375 0.38055555625 0.103125 0.3986111109375 0.1078125 0.4
2 0.18125 0.2986111109375 0.178125 0.29722222187499997 0.17734375 0.2958333328125 0.17578125 0.309722221875 0.18125 0.31944444375000003 0.18359375 0.3111111109375 0.18125 0.2986111109375
2 0.12265625 0.334722221875 0.11875 0.334722221875 0.11484375 0.34722222187499996 0.12265625 0.35972222187499997 0.1265625 0.35 0.12265625 0.334722221875
2 0.18828125 0.2625 0.1859375 0.259722221875 0.18515625 0.25833333281250004 0.18046875 0.2625 0.18125 0.275 0.1875 0.2736111109375 0.18828125 0.2625
2 0.19921875 0.31015625 0.0078125 0.02109375
2 0.19609375 0.290625 0.009375 0.01484375
5 0.1897433125 0.6447502468749999 0.187771971875 0.6791112906250001 0.193685990625 0.7106673421874999 0.22917010625 0.70084989375 0.2342956015625 0.6152979015625 0.227198765625 0.5634057734375 0.1948688078125 0.5683144703125 0.187377709375 0.6152979015625 0.190926128125 0.6307253359375 0.1897433125 0.6447502468749999
2 0.2078125 0.9625 0.05234375 0.075
1 0.1317859375 0.8515655859375 0.139277034375 0.8782128859375 0.1826465078125 0.86699296875 0.1889547875 0.775129809375 0.17554967187499998 0.7274450906250001 0.14992225625 0.7295488484375 0.14045981875 0.7744285750000001 0.13612287812499999 0.8101920874999999 0.1317859375 0.8515655859375
1 0.160173215625 0.6264657453125 0.1656929734375 0.6446981187499999 0.187377709375 0.646801878125 0.18934905 0.6320757046875001 0.1881662640625 0.6145445656249999 0.1948688078125 0.569664865625 0.20748536875 0.56335364375 0.1976286703125 0.5458225062500001 0.17752101250000002 0.546523740625 0.16135603125 0.578781053125 0.1597789546875 0.60893460625 0.160173215625 0.6264657453125
1 0.1140438796875 0.750586215625 0.12035216093750001 0.766714884375 0.142431159375 0.7639098921875 0.141642634375 0.750586215625 0.15031651875000002 0.7267438562499999 0.16411589531249998 0.7253413578125001 0.1743668859375 0.6846691218750001 0.17121273125 0.65872303125 0.16135603125 0.639088159375 0.13860818125000002 0.6389953671875 0.1231120546875 0.678357928125 0.1160152203125 0.719030165625 0.1140438796875 0.750586215625
0 0.0714629453125 0.6727479421875 0.08171390625 0.67625416875 0.0880221859375 0.69659035625 0.11759229687499999 0.6923828390625 0.142431159375 0.5970134265625 0.132968753125 0.53600505625 0.105764259375 0.5374075546875 0.0702801296875 0.6180507937499999 0.0683087890625 0.6545156203125 0.0714629453125 0.6727479421875
1 0.1353343546875 0.53600505625 0.142036896875 0.5878972390625 0.1507108109375 0.5878972390625 0.1656929734375 0.5528349609375 0.16490445 0.507254 0.160173215625 0.48551541093750006 0.1356506796875 0.48389089687500003 0.123900578125 0.5163701875 0.1235063171875 0.5332000921875 0.1353343546875 0.53600505625
0 0 0.9071751453125 0.0506459921875 0.90106766875 0.094141534375 0.7470238703125001 0.0907076703125 0.7164864921875 0.0792614765625 0.67577005625 0.040344415625000005 0.675091459375 0 0.7707751234375 0.0002827375 0.8013124250000001 0 0.9071751453125
0 0.0391997984375 0.67918835625 0.030042853125 0.61064898125 0.0010494 0.607342590625 0 0.673080828125 0.0010458203124999999 0.76469283125 0.0391997984375 0.67918835625
2 0 0.5263888890625 0.00859375 0.50555555625 0.00625 0.49444444374999996 0.0015625 0.4875 0 0.4875 0 0.5263888890625
2 0.025 0.490277778125 0.0171875 0.459722221875 0.0140625 0.45555555625000005 0.01328125 0.45416666718750004 0.009375 0.46666666718750005 0.009375 0.490277778125 0.01328125 0.5 0.025 0.490277778125
2 0 0.6083333328125 0.00859375 0.60694444375 0.00625 0.5791666671875 0.0015625 0.565277778125 0 0.565277778125 0 0.6083333328125
1 0.4125 0.25625 0.02890625 0.046875
5 0.32890625 0.203125 0.025 0.06171875
5 0.38671875 0.21171875 0.02265625 0.04921875
5 0.30859375 0.17109375 0.01328125 0.03203125
5 0.7070279125 0.6140946671874999 0.9973970812499999 0.9876373671875 1 0.6961608515625 0.855792365625 0.5631570499999999 0.8239710875 0.5815511875 0.8144247281249999 0.4315681640625 0.763510609375 0.410344146875 0.711005571875 0.41741881875000003 0.6990725921875 0.5023148828124999 0.6982770125 0.5532524984375 0.7070279125 0.6140946671874999
5 0.7651017703125 1 0.5566723578125 0.6112647875 0.45961742031249997 0.6310739984375 0.4604129421875 0.761247865625 0.544739378125 1 0.7651017703125 1
2 0.953125 0.597222221875 0.95859375 0.5875 0.95859375 0.5722222218749999 0.95078125 0.5555555562500001 0.94609375 0.5555555562500001 0.94140625 0.559722221875 0.93828125 0.584722221875 0.94296875 0.5930555562500001 0.953125 0.597222221875
2 0.725 0.40694444374999994 0.72421875 0.384722221875 0.71796875 0.3708333328125 0.71640625 0.36805555624999997 0.71328125 0.377777778125 0.7125 0.39444444375 0.71484375 0.41111111093749997 0.725 0.40694444374999994
2 0.728125 0.34027777812500004 0.72421875 0.3263888890625 0.7203125 0.3263888890625 0.71953125 0.35 0.725 0.3541666671875 0.728125 0.34861111093749997 0.728125 0.34027777812500004
1 0.41484375 0.22734375 0.01796875 0.0140625
1 0.41640625 0.215625 0.01484375 0.01015625
1 0.4078125 0.21328125 0.015625 0.0234375