5 0.29296875 0.41944444374999995 0.29375 0.44166666718750003 0.30078125 0.45277777812500003 0.303125 0.5208333328125 0.31015625 0.5555555562500001 0.325 0.54444444375 0.34453125 0.5416666671875 0.36171875 0.540277778125 0.37265625 0.5486111109375 0.38046875 0.5291666671875 0.37890625 0.45 0.3796875 0.4388888890625 0.384375 0.4263888890625 0.38203125 0.40833333281249995 0.371875 0.377777778125 0.3703125 0.3458333328125 0.36484375 0.32083333281250004 0.3640625 0.2986111109375 0.34609375 0.252777778125 0.3421875 0.2486111109375 0.33984375 0.2486111109375 0.30078125 0.252777778125 0.29453125 0.25833333281250004 0.296875 0.41111111093749997 0.29296875 0.41944444374999995
0 0.05078125 0.3708333328125 0.046875 0.384722221875 0.04921875 0.42083333281249996 0.05546875 0.427777778125 0.06796875 0.427777778125 0.14375 0.38333333281250004 0.14765625 0.3763888890625 0.14765625 0.3638888890625 0.14375 0.3375 0.1390625 0.33194444375 0.13828125 0.33055555625 0.090625 0.34444444375 0.0828125 0.34861111093749997 0.0765625 0.3583333328125 0.05078125 0.3708333328125
5 0.409375 0.1763888890625 0.40859375 0.165277778125 0.40078125 0.1611111109375 0.39609375 0.1611111109375 0.39296875 0.16805555625 0.39609375 0.1986111109375 0.4046875 0.197222221875 0.409375 0.1763888890625
5 0.3375 0.2486111109375 0.34140625 0.24444444375000002 0.3375 0.225 0.3390625 0.2 0.3359375 0.190277778125 0.33203125 0.190277778125 0.3125 0.1916666671875 0.30625 0.1986111109375 0.30625 0.2513888890625 0.3375 0.2486111109375
5 0.375 0.1888888890625 0.371875 0.17916666718750002 0.36484375 0.1763888890625 0.3625 0.18055555625 0.36328125 0.19583333281249998 0.36953125 0.2 0.375 0.1888888890625
5 0.4375 0.165277778125 0.4296875 0.16944444375 0.43046875 0.19444444375 0.44140625 0.19583333281249998 0.44296875 0.16944444375 0.4375 0.165277778125
5 0.2390625 0.23611111093749998 0.2359375 0.2236111109375 0.2234375 0.23472222187499997 0.2234375 0.2625 0.22578125 0.2666666671875 0.23828125 0.2666666671875 0.2390625 0.23611111093749998
2 0.15625 0.3263888890625 0.1546875 0.30694444375 0.15390625 0.30555555624999997 0.1484375 0.31805555625 0.15 0.3333333328125 0.1546875 0.3333333328125 0.15625 0.3263888890625
2 0.16640625 0.3138888890625 0.16796875 0.31944444375000003 0.16953125 0.322222221875 0.1703125 0.32083333281250004 0.17265625 0.32083333281250004 0.1734375 0.31944444375000003 0.1734375 0.3083333328125 0.17265625 0.30694444375 0.17265625 0.302777778125 0.16953125 0.29722222187499997 0.16796875 0.2986111109375 0.1671875 0.30416666718749996 0.16640625 0.30555555624999997 0.16640625 0.3138888890625
2 0.178125 0.31805555625 0.1796875 0.32083333281250004 0.18203125 0.32083333281250004 0.18515625 0.3138888890625 0.184375 0.3125 0.18359375 0.30416666718749996 0.18125 0.2958333328125 0.18125 0.29444444375 0.17734375 0.3013888890625 0.17734375 0.3111111109375 0.178125 0.3125 0.178125 0.31805555625
2 0.18046875 0.2875 0.18125 0.2888888890625 0.18359375 0.2888888890625 0.18515625 0.2875 0.18515625 0.2833333328125 0.1859375 0.28194444375 0.1859375 0.2736111109375 0.18515625 0.2708333328125 0.18125 0.2708333328125 0.18125 0.272222221875 0.1796875 0.275 0.18046875 0.27777777812500004 0.18046875 0.2875
2 0.19765625 0.26875 0.00703125 0.01953125
2 0.19453125 0.259375 0.0046875 0.02109375
2 0.20859375 0.2609375 0.0078125 0.02265625
2 0.2125 0.2453125 0.00625 0.0203125
2 0.2203125 0.2484375 0.0078125 0.02421875
5 0.2515625 0.2328125 0.0125 0.03203125
2 0.0109375 0.48125 0.01953125 0.04609375
0 0.51875 0.26944444375 0.5265625 0.26527777812500003 0.5265625 0.23611111093749998 0.51484375 0.22638888906250001 0.50546875 0.22638888906250001 0.50234375 0.2375 0.50390625 0.252777778125 0.509375 0.2666666671875 0.51875 0.26944444375
1 0.3828125 0.20972222187499998 0.38359375 0.22777777812500002 0.39375 0.225 0.3921875 0.20833333281250002 0.3828125 0.20972222187499998
2 0.73984375 0.40972222187499996 0.7359375 0.3986111109375 0.73125 0.40833333281249995 0.73125 0.434722221875 0.73828125 0.4388888890625 0.74140625 0.43333333281249997 0.73984375 0.40972222187499996
2 0.76171875 0.40972222187499996 0.759375 0.40694444374999994 0.7546875 0.4166666671875 0.75390625 0.434722221875 0.7640625 0.440277778125 0.765625 0.4236111109375 0.76171875 0.40972222187499996
2 0.73828125 0.35 0.73359375 0.3583333328125 0.73359375 0.375 0.740625 0.377777778125 0.7421875 0.352777778125 0.73828125 0.35
2 0.79140625 0.41111111093749997 0.7875 0.40694444374999994 0.78671875 0.40555555625000006 0.77890625 0.41944444374999995 0.77890625 0.434722221875 0.79140625 0.43333333281249997 0.79140625 0.41111111093749997
2 0.8 0.41944444374999995 0.8 0.3958333328125 0.7953125 0.3916666671875 0.79453125 0.3916666671875 0.7859375 0.40277777812500004 0.79375 0.4291666671875 0.79765625 0.427777778125 0.8 0.41944444374999995
2 0.81015625 0.4236111109375 0.8109375 0.40138888906250003 0.80703125 0.39027777812500003 0.80625 0.39027777812500003 0.79921875 0.4 0.8 0.4125 0.8015625 0.41805555625 0.81015625 0.4236111109375
2 0.77109375 0.40972222187499996 0.76953125 0.384722221875 0.7671875 0.38055555625 0.76328125 0.3861111109375 0.759375 0.40277777812500004 0.76328125 0.4138888890625 0.77109375 0.40972222187499996
2 0.84609375 0.48055555625 0.8484375 0.477777778125 0.84921875 0.459722221875 0.84296875 0.44444444375 0.84140625 0.44166666718750003 0.83359375 0.45416666718750004 0.83203125 0.46666666718750005 0.834375 0.475 0.84609375 0.48055555625
2 0.85859375 0.44444444375 0.85390625 0.4263888890625 0.8515625 0.4263888890625 0.8421875 0.4388888890625 0.85234375 0.45694444375 0.85703125 0.45555555625000005 0.85859375 0.44444444375
2 0.8734375 0.475 0.8765625 0.46666666718750005 0.875 0.44305555625000004 0.87265625 0.4388888890625 0.86171875 0.45555555625000005 0.8609375 0.46388888906250003 0.8640625 0.47222222187499996 0.8734375 0.475
2 0.8921875 0.490277778125 0.88984375 0.45694444375 0.884375 0.45555555625000005 0.87421875 0.47361111093749997 0.87265625 0.477777778125 0.87734375 0.4861111109375 0.88828125 0.49305555625 0.8921875 0.490277778125
2 0.91171875 0.4916666671875 0.91328125 0.475 0.9078125 0.45694444375 0.896875 0.46944444374999994 0.89609375 0.4791666671875 0.9 0.4875 0.90390625 0.49305555625 0.91171875 0.4916666671875
2 0.95703125 0.5513888890625 0.95859375 0.5333333328125 0.95546875 0.527777778125 0.953125 0.5083333328124999 0.95078125 0.50555555625 0.9390625 0.5236111109375 0.9375 0.5375 0.93984375 0.54444444375 0.9546875 0.5541666671875001 0.95703125 0.5513888890625
2 0.99375 0.5375 0.99375 0.51805555625 0.98203125 0.5013888890625 0.9703125 0.5208333328125 0.96875 0.5305555562500001 0.97421875 0.540277778125 0.9859375 0.547222221875 0.99375 0.5375
2 0.996875 0.47083333281249995 0.990625 0.45277777812500003 0.98359375 0.45416666718750004 0.97265625 0.46944444374999994 0.97109375 0.48333333281249996 0.97421875 0.4888888890625 0.9921875 0.4861111109375 0.996875 0.47083333281249995
2 0.83515625 0.3875 0.83515625 0.377777778125 0.8296875 0.36805555624999997 0.8234375 0.3708333328125 0.81796875 0.38194444375000003 0.81953125 0.39027777812500003 0.82578125 0.39305555625 0.83359375 0.39305555625 0.83515625 0.3875
2 0.8859375 0.622222221875 0.88125 0.6138888890625 0.88203125 0.60694444375 0.87265625 0.5930555562500001 0.8609375 0.590277778125 0.86015625 0.6 0.85703125 0.602777778125 0.884375 0.6291666671875 0.8859375 0.622222221875
2 0.803125 0.5421875 0.015625 0.034375
2 0.73515625 0.4796875 0.01953125 0.0390625
1 0.6328125 0.36875 0.04140625 0.05234375