5 0.37890625 0.55546875 0.15625 0.53359375
1 0.32734375 0.2640625 0.046875 0.0609375
5 0.21015625 0.63671875 0.046875 0.1609375
0 0.10390625 0.61328125 0.0796875 0.18046875
1 0.14296875 0.528125 0.05078125 0.1203125
1 0.18125 0.5875 0.04921875 0.11328125
1 0.14375 0.69609375 0.0625 0.14765625
1 0.1609375 0.8015625 0.0609375 0.16171875
0 0.04765625 0.778125 0.0953125 0.23515625
0 0.01953125 0.671875 0.0390625 0.1625
2 0.0359375 0.5486111109375 0.0296875 0.5236111109375 0.02265625 0.525 0.025 0.56805555625 0.02890625 0.575 0.0359375 0.5611111109375 0.0359375 0.5486111109375
2 0.021875 0.547222221875 0.0234375 0.5361111109375 0.021875 0.5166666671875 0.01796875 0.5041666671875 0.01328125 0.5013888890625 0.0125 0.540277778125 0.01328125 0.547222221875 0.01796875 0.5513888890625 0.021875 0.547222221875
2 0.00546875 0.49453125 0.0109375 0.05625
2 0.03359375 0.4888888890625 0.0296875 0.46527777812500004 0.025 0.45694444375 0.01953125 0.4611111109375 0.02109375 0.49305555625 0.0234375 0.497222221875 0.03203125 0.49583333281249997 0.03359375 0.4888888890625
2 0.196875 0.41875 0.015625 0.04453125
2 0.23828125 0.53046875 0.02109375 0.0578125
2 0.12421875 0.3703125 0.0125 0.034375
2 0.1578125 0.296875 0.00859375 0.02578125
5 0.3546875 0.1796875 0.01875 0.0421875
1 0.38203125 0.1984375 0.0125 0.0203125
1 0.403125 0.196875 0.025 0.0421875
1 0.675 0.409375 0.04453125 0.071875
2 0.7859375 0.44921875 0.02109375 0.0484375
2 0.790625 0.36796875 0.01796875 0.03046875
2 0.89140625 0.52734375 0.02734375 0.06015625
1 0.58125 0.284375 0.02734375 0.0484375
1 0.30703125 0.171875 0.0140625 0.028125
1 0.42578125 0.19609375 0.0125 0.01875