1 0.33828125 0.6944444437499999 0.33671875 0.709722221875 0.3390625 0.7541666671875 0.3453125 0.8041666671875 0.3484375 0.809722221875 0.35546875 0.809722221875 0.3796875 0.79305555625 0.41953125 0.7916666671875 0.4234375 0.7791666671875 0.42421875 0.7541666671875 0.4140625 0.6805555562500001 0.41640625 0.66944444375 0.40625 0.65 0.40390625 0.6333333328124999 0.384375 0.5722222218749999 0.371875 0.5694444437499999 0.33828125 0.577777778125 0.3328125 0.60694444375 0.33203125 0.652777778125 0.33515625 0.66805555625 0.3328125 0.6805555562500001 0.33828125 0.6944444437499999
1 0.44609375 0.6291666671875 0.5015625 0.622222221875 0.50234375 0.5930555562500001 0.49609375 0.5666666671875 0.49609375 0.547222221875 0.4734375 0.5013888890625 0.46328125 0.49583333281249997 0.44453125 0.497222221875 0.4359375 0.5 0.42890625 0.5083333328124999 0.42734375 0.559722221875 0.43125 0.58055555625 0.440625 0.6013888890625 0.44609375 0.6291666671875
5 0.73359375 0.68359375 0.22734375 0.3734375
5 0.6014339515625 0.5303664765625 0.6175027390625 0.476382215625 0.616609975 0.3223681765625 0.512162990625 0.257269428125 0.4712053375 0.2742063515625 0.4702056984375 0.42239789375000003 0.5469786531249999 0.533542034375 0.6014339515625 0.5303664765625
5 0.6398204625 0.5176643000000001 0.6951683875 0.5065498734375 0.69873916875 0.3144293078125 0.580008925 0.24615506250000002 0.5348214078125 0.2563492078125 0.62018075625 0.32395592500000003 0.613931821875 0.503374315625 0.6398204625 0.5176643000000001
1 0.4234375 0.427777778125 0.4234375 0.40138888906250003 0.4203125 0.39444444375 0.4203125 0.38333333281250004 0.4140625 0.3625 0.4078125 0.3541666671875 0.3859375 0.35555555625 0.38046875 0.377777778125 0.38046875 0.41944444374999995 0.3859375 0.43333333281249997 0.3984375 0.427777778125 0.4234375 0.427777778125
5 0.31796875 0.2486111109375 0.33359375 0.24722222187499998 0.3328125 0.18055555625 0.3296875 0.1763888890625 0.3140625 0.177777778125 0.31015625 0.184722221875 0.3125 0.21944444375 0.31015625 0.23611111093749998 0.31796875 0.2486111109375
1 0.26953125 0.22916666718749998 0.2609375 0.22916666718749998 0.25703125 0.23611111093749998 0.25546875 0.24722222187499998 0.2578125 0.25694444375000003 0.2703125 0.2541666671875 0.26953125 0.22916666718749998
2 0.80625 0.41944444374999995 0.8 0.40694444374999994 0.79453125 0.4125 0.7921875 0.42083333281249996 0.79296875 0.434722221875 0.803125 0.4361111109375 0.80625 0.41944444374999995
1 0.8515625 0.434722221875 0.84765625 0.4166666671875 0.8375 0.40833333281249995 0.821875 0.40833333281249995 0.809375 0.42083333281249996 0.80859375 0.434722221875 0.83203125 0.447222221875 0.8453125 0.447222221875 0.8515625 0.434722221875
1 0.79921875 0.3888888890625 0.80390625 0.3791666671875 0.803125 0.365277778125 0.79375 0.3541666671875 0.778125 0.3513888890625 0.76640625 0.3625 0.765625 0.372222221875 0.76875 0.3791666671875 0.7859375 0.39027777812500003 0.79921875 0.3888888890625
2 0.728125 0.3875 0.72109375 0.36944444375 0.71640625 0.36944444375 0.71484375 0.39305555625 0.71953125 0.4 0.72421875 0.4 0.728125 0.3875
1 0.72421875 0.2916666671875 0.7234375 0.28194444375 0.71640625 0.27777777812500004 0.7125 0.26944444375 0.70078125 0.275 0.69921875 0.2875 0.7046875 0.3 0.71953125 0.2986111109375 0.72421875 0.2916666671875
2 0.828125 0.53984375 0.0234375 0.0546875
2 0.97421875 0.6546875 0.03828125 0.06640625
1 0.13828125 0.7791666671875 0.14609375 0.7805555562500001 0.15703125 0.7708333328125 0.1578125 0.722222221875 0.15390625 0.7125 0.15390625 0.6958333328124999 0.14609375 0.6805555562500001 0.13046875 0.6791666671875001 0.12265625 0.6833333328125 0.11484375 0.709722221875 0.1125 0.73194444375 0.11484375 0.7819444437499999 0.1234375 0.7861111109375 0.13828125 0.7791666671875
5 0.20859375 0.60694444375 0.2203125 0.5986111109375 0.22421875 0.5888888890625 0.2234375 0.575 0.23203125 0.54444444375 0.23359375 0.5013888890625 0.23984375 0.46944444374999994 0.23671875 0.43055555625 0.21640625 0.4263888890625 0.19765625 0.4361111109375 0.17890625 0.5013888890625 0.1765625 0.55 0.1828125 0.6041666671875 0.18515625 0.6083333328125 0.20859375 0.60694444375
1 0.2 0.75625 0.0578125 0.15390625
1 0.18671875 0.6861111109375 0.190625 0.68194444375 0.20234375 0.6791666671875001 0.21328125 0.6833333328125 0.2125 0.65 0.21640625 0.6416666671875 0.2109375 0.6347222218749999 0.2109375 0.609722221875 0.1859375 0.6083333328125 0.17734375 0.65 0.175 0.68194444375 0.18125 0.7013888890625 0.18515625 0.7 0.18671875 0.6861111109375
2 0.1578125 0.909722221875 0.1609375 0.9111111109375001 0.16953125 0.91944444375 0.16875 0.872222221875 0.153125 0.8375 0.15 0.8333333328125001 0.14609375 0.8361111109375001 0.1453125 0.8638888890624999 0.15234375 0.9111111109375001 0.15390625 0.915277778125 0.1578125 0.909722221875
2 0.21171875 0.94921875 0.04609375 0.09453125
2 0.21875 0.9138888890624999 0.2203125 0.91944444375 0.22265625 0.9069444437499999 0.2203125 0.8652777781250001 0.2140625 0.8541666671874999 0.20546875 0.8583333328125 0.20390625 0.88055555625 0.2078125 0.9083333328125001 0.2125 0.915277778125 0.21875 0.9138888890624999
2 0.14375 0.5986111109375 0.1390625 0.5708333328124999 0.13359375 0.5638888890625 0.13046875 0.5736111109375 0.13046875 0.6111111109375 0.134375 0.61944444375 0.14296875 0.6083333328125 0.14375 0.5986111109375
2 0.08046875 0.3861111109375 0.07578125 0.3736111109375 0.06796875 0.3708333328125 0.06015625 0.3791666671875 0.0515625 0.4 0.0515625 0.40972222187499996 0.06796875 0.40416666718750005 0.0796875 0.3958333328125 0.08046875 0.3861111109375