5 0.29453125 0.440277778125 0.30078125 0.45277777812500003 0.303125 0.4888888890625 0.3015625 0.5013888890625 0.3078125 0.5291666671875 0.31328125 0.527777778125 0.321875 0.515277778125 0.34375 0.5097222218749999 0.36171875 0.515277778125 0.365625 0.522222221875 0.36953125 0.522222221875 0.37265625 0.5166666671875 0.3765625 0.4986111109375 0.375 0.44166666718750003 0.38046875 0.4236111109375 0.3765625 0.41805555625 0.3765625 0.40972222187499996 0.371875 0.40972222187499996 0.37734375 0.40277777812500004 0.3703125 0.3916666671875 0.36484375 0.35694444375 0.3546875 0.3458333328125 0.35859375 0.3375 0.353125 0.32777777812500003 0.3490234375 0.32777777812500003 0.30703125 0.33055555625 0.29765625 0.3361111109375 0.29296875 0.427777778125 0.29453125 0.440277778125
5 0.3859375 0.33359375 0.05234375 0.12421875
5 0.61328125 0.384375 0.1984375 0.30078125
5 0.91171875 0.7453125 0.1765625 0.50703125
5 0.20078125 0.590277778125 0.2046875 0.6 0.21953125 0.5944444437499999 0.228125 0.5958333328125 0.234375 0.5888888890625 0.23828125 0.559722221875 0.2390625 0.5291666671875 0.23671875 0.48194444374999995 0.234375 0.475 0.228125 0.475 0.20625 0.48055555625 0.19765625 0.5125 0.196875 0.559722221875 0.20078125 0.590277778125
2 0.15 0.5611111109375 0.15390625 0.5513888890625 0.1546875 0.525 0.146875 0.5083333328124999 0.14609375 0.5083333328124999 0.1421875 0.522222221875 0.1421875 0.5375 0.14453125 0.55694444375 0.15 0.5611111109375
2 0.19609375 0.5125 0.19609375 0.490277778125 0.19296875 0.48194444374999995 0.18984375 0.48194444374999995 0.1890625 0.48055555625 0.18515625 0.4916666671875 0.18515625 0.515277778125 0.1890625 0.5263888890625 0.19609375 0.5125
2 0.03515625 0.5875 0.034375 0.5666666671875 0.02890625 0.5513888890625 0.025 0.5513888890625 0.02109375 0.5708333328124999 0.025 0.602777778125 0.02890625 0.6013888890625 0.03515625 0.5875
2 0.16953125 0.934722221875 0.1734375 0.9361111109375001 0.178125 0.93194444375 0.1828125 0.9069444437499999 0.17890625 0.8680555562500001 0.1703125 0.8458333328125001 0.1671875 0.8458333328125001 0.1640625 0.8513888890624999 0.1609375 0.8736111109375001 0.16640625 0.922222221875 0.16953125 0.934722221875
2 0.196875 0.9013888890624999 0.20546875 0.9111111109375001 0.209375 0.9083333328125001 0.21328125 0.8888888890625 0.21015625 0.86944444375 0.21015625 0.8486111109375001 0.20078125 0.8222222218749999 0.196875 0.8222222218749999 0.19296875 0.840277778125 0.19296875 0.8638888890624999 0.1953125 0.8680555562500001 0.196875 0.9013888890624999
2 0.2328125 0.8611111109375 0.23125 0.8444444437499999 0.22734375 0.8361111109375001 0.22421875 0.83055555625 0.21953125 0.834722221875 0.215625 0.8611111109375 0.22421875 0.89444444375 0.2328125 0.8611111109375
2 0.13046875 0.4583333328125 0.13359375 0.45 0.13046875 0.41944444374999995 0.1296875 0.41944444374999995 0.12578125 0.42222222187499997 0.12265625 0.434722221875 0.12578125 0.459722221875 0.13046875 0.4583333328125
2 0.11875 0.3958333328125 0.1171875 0.375 0.11484375 0.3708333328125 0.11171875 0.372222221875 0.11015625 0.3791666671875 0.1140625 0.40138888906250003 0.11875 0.3958333328125
2 0.13828125 0.38333333281250004 0.1359375 0.38333333281250004 0.134375 0.38055555625 0.13046875 0.3986111109375 0.1328125 0.4166666671875 0.140625 0.41111111093749997 0.13828125 0.38333333281250004
1 0.7484375 0.36805555624999997 0.775 0.377777778125 0.7796875 0.36805555624999997 0.78046875 0.35694444375 0.77734375 0.33888888906250003 0.7723958328125 0.33888888906250003 0.75 0.34027777812500004 0.74453125 0.34722222187499996 0.74375 0.3611111109375 0.7484375 0.36805555624999997
2 0.8140625 0.5208333328125 0.82421875 0.5083333328124999 0.82265625 0.48333333281249996 0.81796875 0.46805555625000006 0.81328125 0.46805555625000006 0.809375 0.4763888890625 0.80859375 0.4986111109375 0.81015625 0.5138888890625 0.8140625 0.5208333328125
2 0.8734375 0.447222221875 0.87578125 0.44444444375 0.8765625 0.43055555625 0.86953125 0.40833333281249995 0.86484375 0.40833333281249995 0.8609375 0.41944444374999995 0.86015625 0.4361111109375 0.86484375 0.44444444375 0.8734375 0.447222221875
1 0.39609375 0.225 0.3921875 0.21111111093749999 0.38828125 0.21111111093749999 0.38046875 0.215277778125 0.38046875 0.2388888890625 0.39609375 0.23611111093749998 0.39609375 0.225
5 0.32421875 0.2140625 0.02578125 0.06796875
1 0.35546875 0.228125 0.02109375 0.04453125
2 0.040625 0.5083333328124999 0.0390625 0.4888888890625 0.03359375 0.4763888890625 0.03203125 0.4763888890625 0.02734375 0.490277778125 0.02890625 0.5208333328125 0.03671875 0.5166666671875 0.040625 0.5083333328124999
2 0.0625 0.5041666671875 0.0640625 0.490277778125 0.0609375 0.47222222187499996 0.05703125 0.46944444374999994 0.05625 0.46805555625000006 0.05078125 0.48472222187499997 0.05234375 0.5125 0.05546875 0.515277778125 0.0625 0.5041666671875
5 0.009375 0.4138888890625 0.00859375 0.44305555625000004 0.0140625 0.45 0.025 0.45 0.0421875 0.43333333281249997 0.0640625 0.43055555625 0.0796875 0.41944444374999995 0.08203125 0.415277778125 0.08046875 0.39027777812500003 0.07734375 0.372222221875 0.0734375 0.36805555624999997 0.069140625 0.36805555624999997 0.0234375 0.3875 0.01953125 0.40277777812500004 0.0125 0.40694444374999994 0.009375 0.4138888890625
2 0.13203125 0.34027777812500004 0.13046875 0.3375 0.1296875 0.36805555624999997 0.1359375 0.365277778125 0.1359375 0.3541666671875 0.13203125 0.34027777812500004
5 0.13828125 0.372222221875 0.1453125 0.377777778125 0.15390625 0.3763888890625 0.1734375 0.3611111109375 0.17578125 0.325 0.171875 0.3138888890625 0.16640625 0.3138888890625 0.15546875 0.315277778125 0.140625 0.3291666671875 0.1375 0.34861111093749997 0.13828125 0.372222221875
2 0.17890625 0.309722221875 0.17734375 0.30694444375 0.1734375 0.315277778125 0.17734375 0.33194444375 0.1828125 0.31805555625 0.17890625 0.309722221875
2 0.159375 0.3 0.1578125 0.29722222187499997 0.1546875 0.30416666718749996 0.15703125 0.3111111109375 0.159375 0.3083333328125 0.159375 0.3
2 0.19921875 0.2958333328125 0.196875 0.290277778125 0.19609375 0.290277778125 0.19296875 0.2958333328125 0.19375 0.3125 0.19921875 0.3083333328125 0.19921875 0.2958333328125
2 0.19765625 0.2611111109375 0.196875 0.259722221875 0.196875 0.2791666671875 0.2 0.27777777812500004 0.20078125 0.2708333328125 0.19765625 0.2611111109375
1 0.27265625 0.23125 0.0109375 0.021875
2 0.2109375 0.25703125 0.00625 0.0171875
5 0.47265625 0.253125 0.075 0.1421875