2 0.17421875 0.934722221875 0.18125 0.91944444375 0.18125 0.9055555562500001 0.178125 0.902777778125 0.18046875 0.8875 0.17734375 0.8611111109375 0.1703125 0.8458333328125001 0.16875 0.8458333328125001 0.16484375 0.85 0.16171875 0.875 0.16796875 0.9236111109375 0.17421875 0.934722221875
2 0.196875 0.902777778125 0.2078125 0.909722221875 0.2078125 0.9041666671874999 0.2125 0.8958333328125001 0.2109375 0.8541666671874999 0.20078125 0.8208333328125 0.1984375 0.8208333328125 0.1953125 0.8263888890625 0.1921875 0.8513888890624999 0.19609375 0.872222221875 0.196875 0.902777778125
2 0.23203125 0.94305555625 0.2359375 0.94305555625 0.23203125 0.9263888890624999 0.2328125 0.9041666671874999 0.23515625 0.897222221875 0.234375 0.859722221875 0.2328125 0.847222221875 0.228125 0.8375 0.22421875 0.83055555625 0.2203125 0.8361111109375001 0.2171875 0.8666666671875 0.228125 0.9277777781250001 0.23203125 0.94305555625
2 0.084375 0.4888888890625 0.08359375 0.46944444374999994 0.0796875 0.4583333328125 0.07890625 0.4583333328125 0.0734375 0.47361111093749997 0.07578125 0.5013888890625 0.08046875 0.5 0.084375 0.4888888890625
2 0.09453125 0.44166666718750003 0.09375 0.4236111109375 0.090625 0.415277778125 0.0875 0.415277778125 0.084375 0.427777778125 0.0859375 0.45 0.0921875 0.447222221875 0.09453125 0.44166666718750003
2 0.11875 0.4513888890625 0.11796875 0.43333333281249997 0.11484375 0.425 0.11484375 0.4236111109375 0.1109375 0.4263888890625 0.1109375 0.4583333328125 0.115625 0.4583333328125 0.11875 0.4513888890625
2 0.1140625 0.3986111109375 0.1078125 0.3888888890625 0.10703125 0.3875 0.10390625 0.4 0.10625 0.42083333281249996 0.1109375 0.42222222187499997 0.1140625 0.3986111109375
2 0.1234375 0.41805555625 0.12265625 0.3986111109375 0.1203125 0.39305555625 0.1171875 0.39305555625 0.1140625 0.4 0.11328125 0.4236111109375 0.11875 0.4291666671875 0.1234375 0.41805555625
2 0.18046875 0.4361111109375 0.178125 0.40833333281249995 0.1734375 0.40833333281249995 0.17109375 0.41805555625 0.1734375 0.4458333328125 0.17734375 0.4458333328125 0.18046875 0.4361111109375
2 0.21171875 0.3888888890625 0.2125 0.375 0.20859375 0.3625 0.2078125 0.3625 0.2046875 0.36944444375 0.20546875 0.3916666671875 0.2078125 0.39444444375 0.21171875 0.3888888890625
5 0.1234375 0.3875 0.12890625 0.3916666671875 0.1421875 0.3875 0.15859375 0.372222221875 0.16328125 0.3625 0.1640625 0.34305555625 0.16171875 0.3291666671875 0.1578125 0.3236111109375 0.15078125 0.3236111109375 0.14140625 0.3263888890625 0.125 0.3416666671875 0.12109375 0.35972222187499997 0.1234375 0.3875
5 0.18515625 0.3458333328125 0.1859375 0.3416666671875 0.20703125 0.3291666671875 0.2125 0.31944444375000003 0.2125 0.3083333328125 0.2078125 0.2958333328125 0.21328125 0.28611111093749997 0.2125 0.28055555625 0.20859375 0.28055555625 0.18984375 0.28611111093749997 0.18515625 0.2916666671875 0.18046875 0.315277778125 0.18515625 0.3458333328125
2 0.1125 0.36171875 0.009375 0.0296875
2 0.1703125 0.2953125 0.0078125 0.0265625
2 0.17890625 0.30390625 0.00546875 0.0234375
2 0.2125 0.259375 0.00625 0.01796875
5 0.2203125 0.4263888890625 0.2203125 0.4375 0.21953125 0.4388888890625 0.2203125 0.440277778125 0.21953125 0.4458333328125 0.2203125 0.45 0.21953125 0.4513888890625 0.21875 0.46666666718750005 0.2203125 0.47083333281249995 0.22109375 0.490277778125 0.22421875 0.5013888890625 0.23359375 0.5013888890625 0.234375 0.5 0.2421875 0.5013888890625 0.24609375 0.4986111109375 0.2484375 0.49305555625 0.2484375 0.4875 0.25078125 0.477777778125 0.25 0.47083333281249995 0.25078125 0.46944444374999994 0.25078125 0.45694444375 0.25 0.45555555625000005 0.25 0.4375 0.2484375 0.434722221875 0.24921875 0.43194444374999996 0.2484375 0.427777778125 0.24921875 0.40833333281249995 0.24765625 0.40555555625000006 0.24375 0.40555555625000006 0.225 0.40694444374999994 0.22265625 0.41111111093749997 0.221875 0.4236111109375 0.2203125 0.4263888890625
5 1 0.44876359375 0.8369840296875 0.3580496734375 0.7613903265624999 0.367769 0.7486396421875 0.40826629687500005 0.6868324328125001 0.41942730624999996 0.676689025 0.5508168312499999 0.691261284375 0.61075278125 1 0.99142743125 1 0.44876359375
5 0.48372505312499997 0.3468424140625 0.5461340453125 0.42870545625 0.5971013859375 0.4231553984375 0.5997017609374999 0.387542678125 0.6111434328125 0.38569265937499997 0.609063125 0.2571168171875 0.532352071875 0.21549154375000001 0.493606484375 0.2201165734375 0.493606484375 0.255266796875 0.4825146078125 0.2561505359375 0.47956445781249996 0.2992045859375 0.48268491874999997 0.32834229375 0.48372505312499997 0.3468424140625
1 0.421875 0.315277778125 0.44296875 0.3166666671875 0.446875 0.309722221875 0.44609375 0.29444444375 0.43984375 0.2708333328125 0.43515625 0.26805555625 0.4296875 0.26805555625 0.41953125 0.272222221875 0.41484375 0.28194444375 0.41484375 0.309722221875 0.421875 0.315277778125
5 0.353125 0.2708333328125 0.36875 0.26944444375 0.37109375 0.2638888890625 0.37421875 0.23055555625 0.371875 0.2166666671875 0.36796875 0.21111111093749999 0.363541665625 0.21111111093749999 0.3515625 0.2125 0.34765625 0.21944444375 0.34921875 0.259722221875 0.353125 0.2708333328125
5 0.309375 0.30694444375 0.31015625 0.309722221875 0.32109375 0.302777778125 0.3375 0.30694444375 0.34140625 0.3 0.340625 0.24722222187499998 0.3375 0.23472222187499997 0.33359375 0.23055555625 0.3203125 0.23055555625 0.3171875 0.23055555625 0.31015625 0.23472222187499997 0.30625 0.24444444375000002 0.30703125 0.29444444375 0.309375 0.30694444375
5 0.2359375 0.26805555625 0.2390625 0.2638888890625 0.240625 0.25555555625 0.2359375 0.22638888906250001 0.2359375 0.2236111109375 0.23515625 0.22777777812500002 0.2234375 0.23333333281250002 0.2234375 0.2638888890625 0.2359375 0.26805555625
1 0.271875 0.23203125 0.01640625 0.0328125
1 0.296875 0.20546875 0.0109375 0.01875
5 0.4390625 0.7609375 0.2671875 0.478125
2 0.728125 0.3638888890625 0.72734375 0.3513888890625 0.72109375 0.34722222187499996 0.7203125 0.34722222187499996 0.71484375 0.36805555624999997 0.71953125 0.3736111109375 0.725 0.372222221875 0.728125 0.3638888890625
2 0.7359375 0.372222221875 0.73515625 0.352777778125 0.7328125 0.35 0.73203125 0.34861111093749997 0.7265625 0.3541666671875 0.72421875 0.36944444375 0.72578125 0.3736111109375 0.7359375 0.372222221875