1 0.68359375 0.775 0.68828125 0.7875 0.69921875 0.7986111109375 0.715625 0.8263888890625 0.71953125 0.8416666671874999 0.73203125 0.8416666671874999 0.73671875 0.8625 0.75078125 0.8708333328125001 0.77265625 0.872222221875 0.8203125 0.85555555625 0.8265625 0.8444444437499999 0.82890625 0.7875 0.81796875 0.7361111109375 0.7625 0.665277778125 0.740625 0.6625 0.68359375 0.672222221875 0.6640625 0.684722221875 0.66015625 0.7013888890625 0.659375 0.727777778125 0.6671875 0.76805555625 0.6734375 0.777777778125 0.68359375 0.775
1 0.70234375 0.9986111109375001 0.696875 0.9708333328125001 0.70625 0.9541666671875 0.703125 0.9444444437499999 0.68828125 0.94305555625 0.65390625 0.8625 0.61015625 0.7819444437499999 0.58046875 0.7791666671875 0.54921875 0.790277778125 0.53984375 0.825 0.5421875 0.8291666671875 0.5328125 0.8486111109375001 0.53203125 0.8583333328125 0.5328125 0.934722221875 0.5390625 0.98194444375 0.546875 0.9986111109375001 0.70234375 0.9986111109375001
0 0.3046875 0.40138888906250003 0.31015625 0.40416666718750005 0.31875 0.3958333328125 0.34921875 0.4 0.35390625 0.38194444375000003 0.35390625 0.33194444375 0.35 0.30555555624999997 0.33828125 0.29444444375 0.3125 0.29305555625 0.30234375 0.2986111109375 0.3 0.3083333328125 0.3015625 0.3138888890625 0.2984375 0.31944444375000003 0.29765625 0.3333333328125 0.3046875 0.40138888906250003
5 0.76926325625 0.674853896875 0.8281819625000001 0.6732660874999999 0.8585341484375 0.6034040921875 0.8683538640625 0.39381798125 0.6567818765625 0.27949828125 0.6023265796875 0.28108603125 0.598755796875 0.33189479375 0.5694196234375 0.333730159375 0.572867225 0.4620922296875 0.7299839828125 0.657388353125 0.76926325625 0.674853896875
2 0.17734375 0.934722221875 0.1828125 0.9138888890624999 0.1796875 0.8680555562500001 0.1734375 0.8486111109375001 0.16875 0.8458333328125001 0.1640625 0.8541666671874999 0.1625 0.8819444437499999 0.1671875 0.91944444375 0.17265625 0.934722221875 0.17734375 0.934722221875
2 0.21328125 0.897222221875 0.21015625 0.847222221875 0.2015625 0.8208333328125 0.19609375 0.825 0.19375 0.840277778125 0.196875 0.9 0.20390625 0.9083333328125001 0.209375 0.9083333328125001 0.21328125 0.897222221875
2 0.23203125 0.902777778125 0.234375 0.8958333328125001 0.23203125 0.8458333328125001 0.2234375 0.83194444375 0.21875 0.847222221875 0.21796875 0.8680555562500001 0.22265625 0.897222221875 0.228125 0.9041666671874999 0.23203125 0.902777778125
2 0 0.577777778125 0.009375 0.5736111109375 0.01328125 0.565277778125 0.01171875 0.540277778125 0.00703125 0.5291666671875 0.00234375 0.527777778125 0 0.5291666671875 0 0.577777778125
2 0.04765625 0.54444444375 0.053125 0.5138888890625 0.053125 0.5 0.0484375 0.48472222187499997 0.04453125 0.48194444374999995 0.0390625 0.50555555625 0.03671875 0.527777778125 0.0375 0.54444444375 0.040625 0.5513888890625 0.04765625 0.54444444375
2 0.0640625 0.45694444375 0.06015625 0.447222221875 0.05390625 0.45416666718750004 0.05390625 0.48333333281249996 0.0609375 0.48472222187499997 0.065625 0.47361111093749997 0.0640625 0.45694444375
2 0.1765625 0.727777778125 0.17421875 0.6986111109375 0.16796875 0.6763888890625 0.16484375 0.675 0.16171875 0.68194444375 0.15859375 0.70694444375 0.16484375 0.74444444375 0.1703125 0.7486111109375 0.1765625 0.727777778125
5 0.075 0.4166666671875 0.08359375 0.41805555625 0.10703125 0.397222221875 0.115625 0.3986111109375 0.12421875 0.38055555625 0.1234375 0.35 0.1203125 0.34027777812500004 0.1015625 0.3416666671875 0.075 0.3625 0.07421875 0.375 0.06796875 0.39027777812500003 0.06796875 0.40555555625000006 0.075 0.4166666671875
5 0.246875 0.3921875 0.03125 0.09296875
2 0.1390625 0.365625 0.00859375 0.02890625
2 0.15078125 0.37265625 0.00703125 0.034375
2 0.14609375 0.35390625 0.00625 0.0296875
2 0.165625 0.3458333328125 0.16328125 0.35555555625 0.1625 0.372222221875 0.16953125 0.372222221875 0.16875 0.35 0.165625 0.3458333328125
2 0.1796875 0.3541666671875 0.17734375 0.34861111093749997 0.17109375 0.352777778125 0.17109375 0.372222221875 0.17734375 0.38055555625 0.18046875 0.372222221875 0.1796875 0.3541666671875
2 0.1359375 0.3763888890625 0.13046875 0.35555555625 0.1265625 0.35555555625 0.1265625 0.38055555625 0.13046875 0.38333333281250004 0.1359375 0.3763888890625
2 0.14140625 0.31944444375000003 0.140625 0.334722221875 0.14609375 0.3375 0.14609375 0.3166666671875 0.14140625 0.31944444375000003
2 0.209375 0.30416666718749996 0.20625 0.30555555624999997 0.20625 0.322222221875 0.21015625 0.3263888890625 0.2125 0.3138888890625 0.209375 0.30416666718749996
5 0.17890625 0.34444444375 0.18515625 0.3458333328125 0.19453125 0.34027777812500004 0.20078125 0.3333333328125 0.20625 0.31944444375000003 0.2078125 0.30694444375 0.20390625 0.3 0.203125 0.290277778125 0.19765625 0.2888888890625 0.196875 0.2875 0.1859375 0.290277778125 0.1765625 0.3013888890625 0.17421875 0.322222221875 0.17890625 0.34444444375
5 0.24140625 0.290277778125 0.24140625 0.25555555625 0.2390625 0.25 0.2359375 0.25 0.22578125 0.259722221875 0.22421875 0.28472222187499996 0.228125 0.29444444375 0.24140625 0.290277778125
2 0.16796875 0.31944444375000003 0.16640625 0.29444444375 0.165625 0.29305555625 0.16171875 0.2986111109375 0.1625 0.325 0.16484375 0.3263888890625 0.16796875 0.31944444375000003
2 0.178125 0.2791666671875 0.17734375 0.27777777812500004 0.17734375 0.2958333328125 0.18359375 0.290277778125 0.18125 0.28055555625 0.178125 0.2791666671875
2 0.18984375 0.26640625 0.00703125 0.0203125
2 0.2046875 0.26527777812500003 0.2015625 0.25833333281250004 0.20078125 0.25833333281250004 0.1984375 0.26805555625 0.2 0.27638888906250003 0.203125 0.275 0.2046875 0.26527777812500003
2 0.20703125 0.26015625 0.00625 0.01796875
2 0.2140625 0.24296875 0.00859375 0.0140625
5 0.3203125 0.25 0.33515625 0.2486111109375 0.3390625 0.24305555625 0.3390625 0.2125 0.33671875 0.20138888906250002 0.33046875 0.197222221875 0.32734375 0.197222221875 0.31796875 0.2 0.31484375 0.20833333281250002 0.31640625 0.24444444375000002 0.3203125 0.25
0 0.5171875 0.2791666671875 0.5234375 0.26805555625 0.525 0.2513888890625 0.521875 0.2388888890625 0.509375 0.22777777812500002 0.50546875 0.22777777812500002 0.5 0.23194444375 0.5 0.25833333281250004 0.50859375 0.2736111109375 0.5171875 0.2791666671875
5 0.4 0.225 0.40390625 0.2166666671875 0.41015625 0.2125 0.41171875 0.1875 0.40390625 0.16805555625 0.39921875 0.16805555625 0.38046875 0.1763888890625 0.378125 0.1888888890625 0.3796875 0.2208333328125 0.4 0.225