5 0.79375 0.665277778125 0.7734375 0.66944444375 0.759375 0.6763888890625 0.7515625 0.6875 0.75078125 0.7 0.74296875 0.7194444437499999 0.74296875 0.7486111109375 0.73671875 0.76944444375 0.7359375 0.7861111109375 0.7390625 0.7916666671875 0.7390625 0.809722221875 0.74921875 0.8236111109375001 0.759375 0.8458333328125001 0.7625 0.872222221875 0.771875 0.872222221875 0.775 0.859722221875 0.778125 0.872222221875 0.78125 0.872222221875 0.7796875 0.8680555562500001 0.7828125 0.859722221875 0.79453125 0.8861111109375001 0.7984375 0.872222221875 0.80078125 0.8861111109375001 0.80703125 0.8833333328125 0.8140625 0.8875 0.82265625 0.9 0.821875 0.9055555562500001 0.8171875 0.9083333328125001 0.82421875 0.9111111109375001 0.82421875 0.9236111109375 0.8296875 0.91944444375 0.82734375 0.9125 0.83046875 0.9111111109375001 0.8359375 0.91944444375 0.83359375 0.9236111109375 0.840625 0.93194444375 0.8453125 0.9305555562500001 0.85625 0.9513888890625 0.85625 0.95694444375 0.87265625 0.972222221875 0.87109375 0.98194444375 0.87578125 0.98194444375 0.87421875 0.977777778125 0.878125 0.9763888890624999 0.878125 0.98194444375 0.896875 0.9986111109375001 0.99921875 0.9986111109375001 0.99921875 0.7486111109375 0.8890625 0.6569444437499999 0.87578125 0.6541666671875 0.87109375 0.6416666671875 0.86015625 0.6416666671875 0.85390625 0.6416666671875 0.8421875 0.6555555562500001 0.82890625 0.6541666671875 0.80234375 0.66805555625 0.79375 0.665277778125
5 0.4171875 0.37421875 0.1046875 0.253125
5 0.3234375 0.30546875 0.0578125 0.20859375
5 0.184375 0.772222221875 0.184375 0.7861111109375 0.18125 0.7916666671875 0.184375 0.80694444375 0.1828125 0.83055555625 0.1890625 0.852777778125 0.20234375 0.8458333328125001 0.2203125 0.8444444437499999 0.2265625 0.8375 0.22421875 0.81805555625 0.22578125 0.7430555562500001 0.22265625 0.725 0.2234375 0.6972222218749999 0.2203125 0.6888888890625 0.215234375 0.6888888890625 0.1890625 0.6916666671875 0.18515625 0.7013888890625 0.18046875 0.7388888890625 0.184375 0.772222221875
1 0.103125 0.859722221875 0.10859375 0.8875 0.1203125 0.8888888890625 0.1265625 0.88055555625 0.13828125 0.8861111109375001 0.14609375 0.8861111109375001 0.14921875 0.8819444437499999 0.153125 0.8361111109375001 0.15546875 0.8333333328125001 0.1546875 0.8236111109375001 0.15703125 0.8138888890624999 0.16171875 0.8083333328125001 0.15859375 0.797222221875 0.1625 0.790277778125 0.1609375 0.7861111109375 0.1640625 0.7736111109375 0.16328125 0.7583333328124999 0.16015625 0.752777778125 0.155859375 0.752777778125 0.140625 0.7541666671875 0.1265625 0.7625 0.10703125 0.8111111109375001 0.103125 0.859722221875
5 0.21796875 0.5291666671875 0.2234375 0.5416666671875 0.23125 0.5375 0.24375 0.5388888890625 0.24765625 0.5263888890625 0.2453125 0.49444444374999996 0.24765625 0.45416666718750004 0.24375 0.4388888890625 0.239583334375 0.4388888890625 0.22109375 0.440277778125 0.2171875 0.4458333328125 0.21640625 0.5097222218749999 0.21796875 0.5291666671875
2 0.0890625 0.4138888890625 0.084375 0.40555555625000006 0.08359375 0.40416666718750005 0.07890625 0.41805555625 0.08359375 0.4388888890625 0.090625 0.43194444374999996 0.0890625 0.4138888890625
2 0.1234375 0.4291666671875 0.1203125 0.41805555625 0.11875 0.415277778125 0.11328125 0.4263888890625 0.11796875 0.45 0.1234375 0.44305555625000004 0.1234375 0.4291666671875
1 0.14609375 0.43055555625 0.16484375 0.427777778125 0.17265625 0.41111111093749997 0.1703125 0.3916666671875 0.16609374999999998 0.3916666671875 0.14921875 0.3916666671875 0.14609375 0.3958333328125 0.14296875 0.4138888890625 0.14609375 0.43055555625
0 0.18203125 0.41805555625 0.1875 0.4236111109375 0.18671875 0.4291666671875 0.1890625 0.43333333281249997 0.20859375 0.43333333281249997 0.228125 0.39305555625 0.23125 0.3763888890625 0.23125 0.3375 0.22890625 0.322222221875 0.22421875 0.31944444375000003 0.21953125 0.31944444375000003 0.20625 0.3236111109375 0.18125 0.36666666718749996 0.178125 0.3888888890625 0.18203125 0.41805555625
2 0.11171875 0.427777778125 0.11171875 0.415277778125 0.1078125 0.40138888906250003 0.10703125 0.40138888906250003 0.103125 0.41111111093749997 0.10390625 0.434722221875 0.1078125 0.434722221875 0.11171875 0.427777778125
2 0.11171875 0.36944444375 0.109375 0.3638888890625 0.10703125 0.3638888890625 0.10703125 0.39444444375 0.1109375 0.39305555625 0.1125 0.3875 0.11171875 0.36944444375
2 0.121875 0.38333333281250004 0.11875 0.377777778125 0.11484375 0.3861111109375 0.11484375 0.4 0.121875 0.4 0.121875 0.38333333281250004
2 0.13515625 0.334722221875 0.13125 0.3291666671875 0.13046875 0.3291666671875 0.1265625 0.3375 0.1296875 0.3513888890625 0.13359375 0.352777778125 0.13515625 0.334722221875
2 0.071875 0.40277777812500004 0.07890625 0.3888888890625 0.07265625 0.3736111109375 0.06796875 0.3708333328125 0.06640625 0.3708333328125 0.0640625 0.372222221875 0.06015625 0.3916666671875 0.06640625 0.40138888906250003 0.071875 0.40277777812500004
2 0.03671875 0.4291666671875 0.040625 0.42083333281249996 0.0375 0.40555555625000006 0.0328125 0.3986111109375 0.03203125 0.3986111109375 0.0265625 0.40555555625000006 0.02578125 0.425 0.02890625 0.43055555625 0.03671875 0.4291666671875
2 0 0.5541666671875001 0.0046875 0.5513888890625 0.00625 0.5388888890625 0.01171875 0.5291666671875 0.01171875 0.5111111109375 0.00859375 0.5013888890625 0.01015625 0.497222221875 0.003125 0.490277778125 0 0.490277778125 0 0.5541666671875001
2 0.503125 0.33888888906250003 0.50546875 0.33888888906250003 0.50859375 0.3291666671875 0.5078125 0.2958333328125 0.50546875 0.2916666671875 0.5 0.2958333328125 0.4953125 0.3166666671875 0.49765625 0.33194444375 0.503125 0.33888888906250003
1 0.34453125 0.240277778125 0.35 0.252777778125 0.35 0.27777777812500004 0.353125 0.29305555625 0.36640625 0.2916666671875 0.37109375 0.2833333328125 0.3703125 0.24444444375000002 0.3609375 0.2236111109375 0.359375 0.2236111109375 0.353125 0.22916666718749998 0.34765625 0.22777777812500002 0.34765625 0.23611111093749998 0.34453125 0.240277778125
1 0.36875 0.290277778125 0.3703125 0.28611111093749997 0.3703125 0.25555555625 0.365625 0.24722222187499998 0.36171875 0.24722222187499998 0.3515625 0.25833333281250004 0.3515625 0.28194444375 0.35546875 0.2916666671875 0.36875 0.290277778125
2 0.909375 0.5625 0.90859375 0.5319444437499999 0.89765625 0.5125 0.89609375 0.5125 0.8859375 0.5333333328125 0.8859375 0.547222221875 0.89453125 0.5583333328125 0.909375 0.5625
2 0.92890625 0.4583333328125 0.92421875 0.4486111109375 0.9203125 0.447222221875 0.91953125 0.447222221875 0.9078125 0.47361111093749997 0.9140625 0.48194444374999995 0.92421875 0.4861111109375 0.92890625 0.4583333328125
2 0.8609375 0.45277777812500003 0.86484375 0.43333333281249997 0.85859375 0.42083333281249996 0.85703125 0.42083333281249996 0.84921875 0.43055555625 0.84765625 0.4388888890625 0.85 0.447222221875 0.8609375 0.45277777812500003
2 0.696875 0.36944444375 0.69375 0.36805555624999997 0.69296875 0.36666666718749996 0.69296875 0.40833333281249995 0.69765625 0.40277777812500004 0.69921875 0.3888888890625 0.696875 0.36944444375