5 0.30625 0.47361111093749997 0.31015625 0.5125 0.30859375 0.547222221875 0.3125 0.5625 0.315625 0.6388888890625 0.32578125 0.7013888890625 0.33359375 0.7041666671875 0.3453125 0.6986111109375 0.4125 0.6888888890625 0.41953125 0.6805555562500001 0.42109375 0.622222221875 0.415625 0.590277778125 0.40859375 0.5736111109375 0.40625 0.5541666671875001 0.4078125 0.534722221875 0.41640625 0.522222221875 0.41640625 0.5013888890625 0.41171875 0.4986111109375 0.41171875 0.49305555625 0.4078125 0.49305555625 0.40390625 0.5263888890625 0.396875 0.45555555625000005 0.39609375 0.40833333281249995 0.3921875 0.39305555625 0.390625 0.39305555625 0.371875 0.40138888906250003 0.31015625 0.40277777812500004 0.30625 0.40833333281249995 0.30625 0.47361111093749997
5 0.7203125 0.44305555625000004 0.71015625 0.45416666718750004 0.709375 0.46666666718750005 0.70625 0.47083333281249995 0.70625 0.54444444375 0.703125 0.58194444375 0.7046875 0.5958333328125 0.725 0.6375 0.72265625 0.6416666671875 0.728125 0.6513888890625 0.74765625 0.6541666671875 0.75703125 0.6638888890625 0.76796875 0.68194444375 0.76640625 0.6888888890625 0.775 0.7083333328125 0.79609375 0.7263888890625 0.7984375 0.7361111109375 0.80625 0.747222221875 0.82578125 0.7541666671875 0.840625 0.747222221875 0.83671875 0.74444444375 0.83828125 0.7416666671875001 0.84921875 0.74444444375 0.8546875 0.734722221875 0.86484375 0.747222221875 0.8671875 0.7361111109375 0.8609375 0.7333333328125 0.85859375 0.725 0.86171875 0.7194444437499999 0.8890625 0.7458333328125 0.88671875 0.752777778125 0.8953125 0.7513888890625 0.9203125 0.7805555562500001 0.92734375 0.7833333328125 0.9359375 0.79444444375 0.934375 0.7986111109375 0.94453125 0.8055555562500001 0.9453125 0.8125 0.94296875 0.8138888890624999 0.9453125 0.81805555625 0.95078125 0.8125 0.953125 0.81805555625 0.95859375 0.8194444437499999 0.95859375 0.8291666671875 0.96171875 0.8333333328125001 0.96640625 0.83055555625 0.97265625 0.8375 0.96796875 0.8486111109375001 0.97734375 0.8513888890624999 0.978125 0.8611111109375 0.98203125 0.8625 0.984375 0.85694444375 0.9828125 0.852777778125 0.9875 0.8513888890624999 0.9921875 0.8652777781250001 0.99921875 0.8652777781250001 0.99921875 0.47222222187499996 0.971875 0.459722221875 0.96640625 0.45277777812500003 0.89765625 0.4138888890625 0.84921875 0.4138888890625 0.8375 0.3958333328125 0.8109375 0.3888888890625 0.8046875 0.3888888890625 0.76328125 0.3916666671875 0.7453125 0.3986111109375 0.73984375 0.40694444374999994 0.740625 0.41111111093749997 0.7328125 0.4388888890625 0.7203125 0.44305555625000004
0 0.09921875 0.5208333328125 0.096875 0.55694444375 0.09921875 0.5638888890625 0.09921875 0.5916666671875 0.10390625 0.6013888890625 0.11328125 0.60555555625 0.14296875 0.6013888890625 0.15703125 0.575 0.1640625 0.5486111109375 0.16953125 0.54305555625 0.17421875 0.5208333328125 0.17421875 0.475 0.1703125 0.44444444375 0.16484375 0.440277778125 0.1598958328125 0.440277778125 0.14453125 0.44166666718750003 0.13515625 0.447222221875 0.125 0.47361111093749997 0.09921875 0.5208333328125
1 0.01171875 0.7583333328124999 0.01484375 0.8013888890624999 0.021875 0.8125 0.03046875 0.815277778125 0.05859375 0.8111111109375001 0.06796875 0.8 0.0703125 0.7819444437499999 0.0859375 0.747222221875 0.08671875 0.7388888890625 0.08359375 0.6875 0.0765625 0.66944444375 0.07265625 0.66944444375 0.04453125 0.6736111109375 0.021875 0.7236111109375 0.0171875 0.747222221875 0.01171875 0.7583333328124999
5 0.2234375 0.45416666718750004 0.22578125 0.46388888906250003 0.23125 0.46944444374999994 0.246875 0.46527777812500004 0.25078125 0.4513888890625 0.25078125 0.44305555625000004 0.246875 0.4388888890625 0.24921875 0.4236111109375 0.246875 0.4 0.24453125 0.3958333328125 0.23671875 0.397222221875 0.2359375 0.3958333328125 0.228125 0.3986111109375 0.225 0.41111111093749997 0.22578125 0.4361111109375 0.2234375 0.45416666718750004
1 0.765625 0.3638888890625 0.76640625 0.375 0.77890625 0.3861111109375 0.80234375 0.384722221875 0.80390625 0.35555555625 0.79921875 0.34722222187499996 0.7921875 0.34722222187499996 0.7875 0.3513888890625 0.778125 0.35 0.76796875 0.35972222187499997 0.765625 0.3638888890625
2 0.0796875 0.39444444375 0.0765625 0.3763888890625 0.071875 0.372222221875 0.06640625 0.372222221875 0.0625 0.38333333281250004 0.0625 0.397222221875 0.065625 0.40416666718750005 0.0796875 0.39444444375
2 0.10859375 0.375 0.10390625 0.3638888890625 0.103125 0.3625 0.096875 0.372222221875 0.10234375 0.39027777812500003 0.10859375 0.3861111109375 0.10859375 0.375
2 0.12890625 0.365277778125 0.12734375 0.34444444375 0.1234375 0.3416666671875 0.12265625 0.34027777812500004 0.11875 0.34722222187499996 0.11953125 0.372222221875 0.12265625 0.3791666671875 0.12890625 0.365277778125
2 0.0671875 0.6416666671875 0.071875 0.6375 0.078125 0.60694444375 0.075 0.5888888890625 0.071875 0.584722221875 0.0703125 0.584722221875 0.06328125 0.5888888890625 0.059375 0.6125 0.06015625 0.6236111109375 0.0671875 0.6416666671875
5 0.46484375 0.26171875 0.06640625 0.1015625
2 0.703125 0.365277778125 0.70078125 0.3611111109375 0.69765625 0.3611111109375 0.69453125 0.36666666718749996 0.69453125 0.38194444375000003 0.7015625 0.3861111109375 0.703125 0.365277778125
2 0.7203125 0.3263888890625 0.71796875 0.322222221875 0.71640625 0.322222221875 0.71171875 0.3375 0.7140625 0.34861111093749997 0.71953125 0.34722222187499996 0.7203125 0.3263888890625
2 0.20546875 0.25 0.20390625 0.25 0.2 0.25833333281250004 0.2046875 0.2666666671875 0.2078125 0.2611111109375 0.20546875 0.25
2 0.22890625 0.2236111109375 0.228125 0.23055555625 0.23125 0.23333333281250002 0.23203125 0.2236111109375 0.22890625 0.2236111109375
1 0.3875 0.20416666718749998 0.38203125 0.1986111109375 0.3765625 0.1986111109375 0.3734375 0.20277777812500003 0.37265625 0.21944444375 0.3859375 0.2208333328125 0.3875 0.20416666718749998
5 0.39296875 0.215277778125 0.3984375 0.2208333328125 0.41171875 0.2208333328125 0.41640625 0.2166666671875 0.41484375 0.16944444375 0.41171875 0.165277778125 0.40703125 0.165277778125 0.3953125 0.1666666671875 0.390625 0.177777778125 0.390625 0.20277777812500003 0.39296875 0.215277778125
1 0.3625 0.2166666671875 0.3578125 0.20555555625 0.35078125 0.20555555625 0.3453125 0.215277778125 0.34921875 0.225 0.36171875 0.2208333328125 0.3625 0.2166666671875
1 0.29765625 0.1986111109375 0.29453125 0.1916666671875 0.290625 0.1916666671875 0.28203125 0.197222221875 0.2828125 0.21805555625 0.2953125 0.21944444375 0.29765625 0.1986111109375