1 0.5078125 0.4388888890625 0.50703125 0.45416666718750004 0.50859375 0.46944444374999994 0.5203125 0.48055555625 0.52890625 0.5 0.553125 0.4916666671875 0.57265625 0.497222221875 0.5796875 0.48055555625 0.5796875 0.45 0.571875 0.42083333281249996 0.55390625 0.40277777812500004 0.55 0.40277777812500004 0.52109375 0.40555555625000006 0.509375 0.4236111109375 0.51015625 0.434722221875 0.5078125 0.4388888890625
5 0.303125 0.5263888890625 0.30234375 0.5333333328125 0.29609375 0.5416666671875 0.30234375 0.7125 0.3 0.7513888890625 0.30390625 0.7861111109375 0.3046875 0.85 0.3109375 0.890277778125 0.315625 0.9791666671874999 0.3140625 0.9888888890624999 0.31640625 0.9986111109375001 0.509375 0.9986111109375001 0.51328125 0.9833333328125 0.51484375 0.9986111109375001 0.6 0.9986111109375001 0.59921875 0.977777778125 0.58828125 0.9638888890624999 0.58359375 0.9458333328125 0.57421875 0.9388888890624999 0.56796875 0.909722221875 0.559375 0.8958333328125001 0.5484375 0.8652777781250001 0.5484375 0.85694444375 0.53984375 0.8375 0.53828125 0.8291666671875 0.540625 0.825 0.534375 0.8138888890624999 0.53359375 0.8055555562500001 0.52265625 0.7986111109375 0.5265625 0.79444444375 0.51953125 0.7861111109375 0.52109375 0.7763888890625 0.51171875 0.76805555625 0.51484375 0.7625 0.50546875 0.7291666671875 0.5015625 0.722222221875 0.49609375 0.722222221875 0.49765625 0.715277778125 0.4890625 0.70555555625 0.49296875 0.7 0.4859375 0.6888888890625 0.4859375 0.6763888890625 0.478125 0.6611111109375 0.4734375 0.6611111109375 0.475 0.6583333328125 0.4703125 0.65 0.47265625 0.6375 0.45859375 0.5944444437499999 0.45390625 0.5930555562500001 0.45078125 0.584722221875 0.446875 0.584722221875 0.4421875 0.5722222218749999 0.4296875 0.5666666671875 0.42890625 0.5486111109375 0.43671875 0.54444444375 0.43515625 0.5319444437499999 0.43046875 0.527777778125 0.42734375 0.5166666671875 0.4234375 0.5166666671875 0.41953125 0.5097222218749999 0.396875 0.50555555625 0.3953125 0.50555555625 0.3640625 0.5083333328124999 0.34296875 0.51805555625 0.3140625 0.5208333328125 0.303125 0.5263888890625
1 0.4234375 0.50555555625 0.43359375 0.51944444375 0.4515625 0.575 0.45859375 0.5875 0.465625 0.58194444375 0.48203125 0.58194444375 0.48671875 0.5875 0.490625 0.5763888890625 0.490625 0.54444444375 0.48046875 0.4986111109375 0.46640625 0.4625 0.45859375 0.4486111109375 0.45 0.44305555625000004 0.44609375 0.44305555625000004 0.4234375 0.447222221875 0.41640625 0.47222222187499996 0.4171875 0.490277778125 0.4234375 0.50555555625
5 0.52265625 0.31484375 0.12734375 0.19609375
5 0.16484375 0.73194444375 0.16015625 0.7597222218749999 0.16484375 0.765277778125 0.165625 0.79444444375 0.1734375 0.8027777781250001 0.203125 0.797222221875 0.2078125 0.7833333328125 0.20546875 0.777777778125 0.21015625 0.7666666671875 0.21015625 0.7513888890625 0.2125 0.747222221875 0.2109375 0.7430555562500001 0.21328125 0.7388888890625 0.21171875 0.7194444437499999 0.215625 0.7125 0.2140625 0.70555555625 0.21796875 0.6916666671875 0.21484375 0.65 0.215625 0.625 0.21328125 0.6166666671875001 0.20625 0.6166666671875001 0.17421875 0.6236111109375 0.1640625 0.6763888890625 0.1625 0.6958333328124999 0.16484375 0.73194444375
2 0.828125 0.45277777812500003 0.83125 0.447222221875 0.8265625 0.415277778125 0.825 0.415277778125 0.81640625 0.434722221875 0.81796875 0.4486111109375 0.8234375 0.45277777812500003 0.828125 0.45277777812500003
2 0.765625 0.4236111109375 0.76953125 0.41111111093749997 0.7671875 0.384722221875 0.7671875 0.38333333281250004 0.76328125 0.3875 0.7609375 0.40694444374999994 0.76171875 0.41944444374999995 0.765625 0.4236111109375
2 0.80703125 0.42083333281249996 0.80703125 0.40694444374999994 0.80234375 0.39305555625 0.80078125 0.39305555625 0.79453125 0.40416666718750005 0.79375 0.4166666671875 0.803125 0.425 0.80703125 0.42083333281249996
2 0.95625 0.5015625 0.02421875 0.03984375
2 0.96953125 0.48671875 0.02265625 0.04765625
2 0.1109375 0.91171875 0.0328125 0.08984375
2 0.14296875 0.8953125 0.0328125 0.1
2 0.171875 0.884375 0.0265625 0.08203125
2 0.20234375 0.865625 0.021875 0.09453125
2 0.18515625 0.95625 0.03359375 0.0859375
2 0.12109375 0.96484375 0.03828125 0.0703125
2 0.221875 0.96015625 0.028125 0.0796875
2 0.22890625 0.87265625 0.025 0.08125
2 0.01640625 0.48203125 0.01484375 0.04453125
2 0.0890625 0.43984375 0.0125 0.040625
2 0.103125 0.4234375 0.0125 0.03125
2 0.1546875 0.33515625 0.00859375 0.02734375
2 0.17265625 0.32421875 0.009375 0.02578125
5 0.23203125 0.24375 0.0203125 0.046875
1 0.7625 0.3578125 0.0390625 0.04296875
2 0.73984375 0.3625 0.740625 0.3513888890625 0.7375 0.34444444375 0.7359375 0.3416666671875 0.73125 0.34861111093749997 0.7296875 0.3611111109375 0.73203125 0.365277778125 0.73984375 0.3625
2 0.11796875 0.35694444375 0.11796875 0.3625 0.11875 0.3638888890625 0.11875 0.375 0.11796875 0.3763888890625 0.11875 0.377777778125 0.11875 0.38055555625 0.11953125 0.3791666671875 0.1234375 0.3791666671875 0.125 0.377777778125 0.12578125 0.3763888890625 0.12578125 0.372222221875 0.1265625 0.3708333328125 0.12578125 0.3541666671875 0.1234375 0.34861111093749997 0.1234375 0.3458333328125 0.12265625 0.34444444375 0.121875 0.3458333328125 0.121875 0.34861111093749997 0.11875 0.3541666671875 0.11796875 0.35694444375
2 0.18046875 0.2666666671875 0.18046875 0.28055555625 0.18359375 0.27777777812500004 0.1828125 0.2666666671875 0.18046875 0.2666666671875