5 0.28515625 0.43194444374999996 0.28828125 0.4388888890625 0.2859375 0.50555555625 0.29140625 0.55694444375 0.29609375 0.652777778125 0.29296875 0.6736111109375 0.296875 0.7236111109375 0.29921875 0.727777778125 0.2984375 0.7388888890625 0.3015625 0.75 0.303125 0.80694444375 0.31015625 0.83055555625 0.3140625 0.834722221875 0.36484375 0.83194444375 0.4125 0.8222222218749999 0.43046875 0.809722221875 0.43203125 0.8013888890624999 0.43203125 0.7861111109375 0.428125 0.772222221875 0.42578125 0.702777778125 0.43125 0.684722221875 0.4296875 0.66944444375 0.4359375 0.6625 0.4359375 0.64305555625 0.43515625 0.6375 0.43125 0.6361111109375 0.4203125 0.6138888890625 0.41171875 0.5333333328125 0.4109375 0.5097222218749999 0.41328125 0.490277778125 0.39921875 0.4388888890625 0.39140625 0.42222222187499997 0.38828125 0.3958333328125 0.37734375 0.3763888890625 0.37421875 0.3513888890625 0.36875 0.34444444375 0.35078125 0.34027777812500004 0.346875 0.34027777812500004 0.29453125 0.34861111093749997 0.28828125 0.36805555624999997 0.2890625 0.40555555625000006 0.28515625 0.43194444374999996
1 0.64375 0.6347222218749999 0.64375 0.66944444375 0.64765625 0.69305555625 0.65390625 0.7041666671875 0.66953125 0.7083333328125 0.6875 0.734722221875 0.69296875 0.7458333328125 0.6921875 0.7513888890625 0.696875 0.7708333328125 0.7046875 0.7819444437499999 0.715625 0.7763888890625 0.7484375 0.775 0.77421875 0.76805555625 0.78828125 0.7597222218749999 0.79140625 0.752777778125 0.79296875 0.7333333328125 0.790625 0.7125 0.7921875 0.6958333328124999 0.7828125 0.6611111109375 0.76484375 0.6333333328124999 0.7328125 0.6013888890625 0.72890625 0.6013888890625 0.67734375 0.60555555625 0.65 0.6166666671875001 0.64609375 0.622222221875 0.64375 0.6347222218749999
1 0.3859375 0.39305555625 0.390625 0.41944444374999995 0.40234375 0.440277778125 0.40390625 0.4486111109375 0.40390625 0.4375 0.40703125 0.43333333281249997 0.41953125 0.434722221875 0.42109375 0.44305555625000004 0.42734375 0.44444444375 0.42890625 0.40972222187499996 0.425 0.38194444375000003 0.4078125 0.35 0.39375 0.34861111093749997 0.3921875 0.34861111093749997 0.38359375 0.352777778125 0.38046875 0.36666666718749996 0.38203125 0.384722221875 0.3859375 0.39305555625
5 0.15625 0.752777778125 0.16328125 0.76944444375 0.16484375 0.79444444375 0.17265625 0.8027777781250001 0.1859375 0.7958333328125 0.20078125 0.79444444375 0.2046875 0.7708333328125 0.2125 0.7791666671875 0.21875 0.775 0.215625 0.7708333328125 0.21953125 0.7638888890625 0.2203125 0.73194444375 0.2171875 0.715277778125 0.21796875 0.6736111109375 0.21484375 0.61944444375 0.21328125 0.6152777781250001 0.19140625 0.6152777781250001 0.1890625 0.6152777781250001 0.1734375 0.61944444375 0.16171875 0.6805555562500001 0.1625 0.7236111109375 0.15625 0.752777778125
2 0.08671875 0.9041666671874999 0.1 0.9083333328125001 0.1046875 0.9208333328125 0.10703125 0.915277778125 0.103125 0.902777778125 0.1 0.8625 0.08828125 0.8416666671874999 0.0875 0.840277778125 0.08359375 0.8458333328125001 0.08046875 0.8638888890624999 0.0828125 0.890277778125 0.08671875 0.9041666671874999
2 0.13203125 0.915277778125 0.134375 0.9236111109375 0.14453125 0.922222221875 0.15 0.9305555562500001 0.1546875 0.9069444437499999 0.14765625 0.88055555625 0.146875 0.85555555625 0.13828125 0.8458333328125001 0.134375 0.8458333328125001 0.128125 0.8652777781250001 0.128125 0.872222221875 0.13203125 0.88055555625 0.13203125 0.915277778125
2 0.0296875 0.4888888890625 0.034375 0.48055555625 0.03359375 0.46388888906250003 0.02890625 0.4486111109375 0.02734375 0.4486111109375 0.025 0.45 0.02265625 0.4625 0.02421875 0.4888888890625 0.0296875 0.4888888890625
2 0.11015625 0.41944444374999995 0.109375 0.40277777812500004 0.10390625 0.39444444375 0.103125 0.39305555625 0.1 0.40416666718750005 0.10078125 0.425 0.103125 0.427777778125 0.11015625 0.41944444374999995
2 0.115625 0.377777778125 0.11484375 0.3763888890625 0.11328125 0.40694444374999994 0.11953125 0.40833333281249995 0.11953125 0.38333333281250004 0.115625 0.377777778125
2 0.140625 0.33888888906250003 0.13828125 0.32777777812500003 0.13828125 0.3263888890625 0.1328125 0.33194444375 0.134375 0.3541666671875 0.13984375 0.3513888890625 0.140625 0.33888888906250003
2 0.9171875 0.5069444437499999 0.91953125 0.502777778125 0.9203125 0.48472222187499997 0.91484375 0.46527777812500004 0.9109375 0.46527777812500004 0.9 0.4861111109375 0.89921875 0.49444444374999996 0.90234375 0.5 0.9171875 0.5069444437499999
2 0.853125 0.45555555625000005 0.8546875 0.434722221875 0.84921875 0.42222222187499997 0.8484375 0.42222222187499997 0.840625 0.43055555625 0.83828125 0.447222221875 0.84375 0.45416666718750004 0.853125 0.45555555625000005
2 0.76171875 0.3958333328125 0.759375 0.36805555624999997 0.75859375 0.36805555624999997 0.7546875 0.3736111109375 0.7546875 0.39444444375 0.759375 0.40138888906250003 0.76171875 0.3958333328125
1 0.76171875 0.35625 0.04140625 0.0421875
5 0.5122988984375 0.3899970890625 0.6358071562500001 0.545977175 0.7110814328124999 0.527779578125 0.7183896140625 0.3263052 0.57661085 0.25091483281250004 0.5319411046875 0.2585901046875 0.5188762171875 0.328904878125 0.509375615625 0.3549015578125 0.5122988984375 0.3899970890625
2 0.1828125 0.95 0.040625 0.1
2 0.17265625 0.8875 0.021875 0.084375
2 0.2 0.86640625 0.02109375 0.07890625
2 0.22578125 0.86796875 0.0234375 0.07109375
2 0.2140625 0.81953125 0.0140625 0.0765625
2 0.2203125 0.959375 0.03359375 0.08046875
2 0.11796875 0.965625 0.05078125 0.06796875
2 0.16328125 0.31640625 0.00703125 0.02421875
2 0.16953125 0.30625 0.00703125 0.0234375
5 0.23203125 0.246875 0.01875 0.040625