5 0.42890625 0.6944444437499999 0.425 0.7041666671875 0.43203125 0.777777778125 0.44453125 0.825 0.44296875 0.8291666671875 0.4453125 0.847222221875 0.46015625 0.88055555625 0.46640625 0.9111111109375001 0.48046875 0.95 0.4859375 0.9902777781250001 0.490625 0.9986111109375001 0.65390625 0.9986111109375001 0.6578125 0.9666666671874999 0.6578125 0.9305555562500001 0.6609375 0.91805555625 0.6609375 0.8763888890624999 0.65703125 0.8652777781250001 0.65703125 0.8125 0.6640625 0.809722221875 0.6609375 0.8013888890624999 0.66484375 0.790277778125 0.66484375 0.7666666671875 0.6578125 0.747222221875 0.65390625 0.7458333328125 0.6421875 0.722222221875 0.64140625 0.7013888890625 0.6375 0.7013888890625 0.634375 0.70694444375 0.62421875 0.690277778125 0.61171875 0.68194444375 0.615625 0.6708333328125 0.6171875 0.6541666671875 0.61015625 0.6416666671875 0.5640625 0.64305555625 0.56875 0.6347222218749999 0.55859375 0.61944444375 0.55859375 0.6138888890625 0.54765625 0.5944444437499999 0.54296875 0.5791666671875 0.53046875 0.5611111109375 0.51796875 0.5583333328125 0.5171875 0.5583333328125 0.4234375 0.56805555625 0.42265625 0.6263888890625 0.4296875 0.6805555562500001 0.42890625 0.6944444437499999
2 0.88984375 0.5555555562500001 0.8890625 0.5333333328125 0.88359375 0.5097222218749999 0.88125 0.5083333328124999 0.88046875 0.5069444437499999 0.87265625 0.5319444437499999 0.87265625 0.54305555625 0.87734375 0.5513888890625 0.88984375 0.5555555562500001
2 0.15625 0.9083333328125001 0.15703125 0.9388888890624999 0.165625 0.95555555625 0.1703125 0.9513888890625 0.178125 0.9305555562500001 0.17734375 0.9 0.171875 0.88055555625 0.1703125 0.8611111109375 0.1671875 0.8583333328125 0.16171875 0.8583333328125 0.1578125 0.8652777781250001 0.1578125 0.877777778125 0.15234375 0.890277778125 0.15625 0.9083333328125001
2 0.20078125 0.9625 0.209375 0.9472222218749999 0.2078125 0.9236111109375 0.20234375 0.9 0.20234375 0.8833333328125 0.20078125 0.8736111109375001 0.1890625 0.8763888890624999 0.1859375 0.8680555562500001 0.18515625 0.8666666671875 0.18515625 0.9513888890625 0.196875 0.9486111109375001 0.196875 0.95694444375 0.20078125 0.9625
2 0.02265625 0.7333333328125 0.02578125 0.7111111109375 0.02421875 0.6888888890625 0.01484375 0.66944444375 0.0125 0.66944444375 0.00703125 0.6986111109375 0.01328125 0.734722221875 0.01796875 0.7402777781250001 0.02265625 0.7333333328125
2 0.0515625 0.55 0.0484375 0.527777778125 0.04453125 0.51944444375 0.0421875 0.51944444375 0.03671875 0.5388888890625 0.03984375 0.56805555625 0.04609375 0.5666666671875 0.0515625 0.55
2 0.07578125 0.5 0.078125 0.49444444374999996 0.0765625 0.475 0.07265625 0.4583333328125 0.06875 0.45416666718750004 0.06796875 0.45277777812500003 0.0640625 0.46527777812500004 0.06484375 0.4861111109375 0.0671875 0.497222221875 0.07578125 0.5
2 0.0171875 0.44444444375 0.0203125 0.4388888890625 0.0171875 0.427777778125 0.009375 0.41805555625 0.0078125 0.41805555625 0.00234375 0.4388888890625 0 0.440277778125 0.00546875 0.4486111109375 0.0171875 0.44444444375
2 0.0765625 0.434722221875 0.0765625 0.42083333281249996 0.071875 0.40694444374999994 0.07109375 0.40694444374999994 0.06640625 0.41805555625 0.06796875 0.4375 0.07109375 0.44166666718750003 0.0765625 0.434722221875
0 0.08125 0.35972222187499997 0.08046875 0.377777778125 0.08359375 0.40694444374999994 0.08671875 0.4125 0.10546875 0.41111111093749997 0.14609375 0.384722221875 0.16171875 0.36944444375 0.1640625 0.3638888890625 0.16328125 0.34444444375 0.15859375 0.322222221875 0.15390625 0.322222221875 0.140625 0.3236111109375 0.12109375 0.3361111109375 0.11171875 0.3375 0.08125 0.35972222187499997
2 0.17734375 0.36944444375 0.18125 0.36944444375 0.1828125 0.35972222187499997 0.178125 0.3361111109375 0.1765625 0.3361111109375 0.171875 0.34305555625 0.171875 0.35694444375 0.17578125 0.3611111109375 0.17734375 0.36944444375
2 0.18125 0.3138888890625 0.17734375 0.3138888890625 0.17421875 0.3361111109375 0.18046875 0.33888888906250003 0.18125 0.3458333328125 0.18125 0.3138888890625
2 0.1890625 0.31944444375000003 0.18515625 0.31944444375000003 0.184375 0.3361111109375 0.18828125 0.34444444375 0.190625 0.33888888906250003 0.1890625 0.31944444375000003
2 0.17265625 0.302777778125 0.16953125 0.28611111093749997 0.16953125 0.28472222187499996 0.16484375 0.29305555625 0.16484375 0.309722221875 0.16875 0.3125 0.17265625 0.302777778125
2 0.165625 0.3263888890625 0.1671875 0.31805555625 0.165625 0.30694444375 0.165625 0.302777778125 0.16171875 0.30555555624999997 0.1609375 0.3111111109375 0.1625 0.3263888890625 0.165625 0.3263888890625
2 0.19921875 0.2875 0.196875 0.2833333328125 0.19296875 0.290277778125 0.1953125 0.30694444375 0.19921875 0.30416666718749996 0.19921875 0.2875
2 0.7578125 0.3875 0.753125 0.375 0.75078125 0.375 0.746875 0.38194444375000003 0.74609375 0.40416666718750005 0.75703125 0.40694444374999994 0.7578125 0.3875
2 0.73984375 0.375 0.74140625 0.352777778125 0.73671875 0.34722222187499996 0.7359375 0.3458333328125 0.73203125 0.352777778125 0.73125 0.36805555624999997 0.73515625 0.375 0.73984375 0.375
1 0.75703125 0.3736111109375 0.775 0.3763888890625 0.77890625 0.36805555624999997 0.778125 0.3458333328125 0.77265625 0.34027777812500004 0.7578125 0.33888888906250003 0.75546875 0.33888888906250003 0.7484375 0.34305555625 0.74375 0.352777778125 0.74609375 0.365277778125 0.75703125 0.3736111109375
5 0.47109375 0.25703125 0.07265625 0.128125
5 0.3640625 0.30555555624999997 0.36640625 0.352777778125 0.37265625 0.372222221875 0.3765625 0.3763888890625 0.38125 0.3763888890625 0.3875 0.36805555624999997 0.4 0.3736111109375 0.40390625 0.3708333328125 0.40546875 0.35555555625 0.40390625 0.29305555625 0.4 0.2791666671875 0.3921875 0.2666666671875 0.38828125 0.272222221875 0.384375 0.2666666671875 0.38359375 0.2666666671875 0.37890625 0.272222221875 0.36484375 0.275 0.36796875 0.28194444375 0.3640625 0.30555555624999997
1 0.35703125 0.28194444375 0.35703125 0.29444444375 0.36015625 0.2958333328125 0.3609375 0.3013888890625 0.3703125 0.28611111093749997 0.3703125 0.27638888906250003 0.3765625 0.27777777812500004 0.38359375 0.2708333328125 0.3734375 0.25555555625 0.36875 0.25555555625 0.3625 0.25694444375000003 0.35859375 0.26944444375 0.36015625 0.2791666671875 0.35703125 0.28194444375
1 0.34609375 0.2708333328125 0.35703125 0.26944444375 0.36484375 0.2513888890625 0.36484375 0.24305555625 0.35859375 0.23333333281250002 0.35390625 0.23333333281250002 0.34765625 0.23472222187499997 0.34296875 0.24444444375000002 0.3421875 0.25833333281250004 0.34609375 0.2708333328125
5 0.3078125 0.275 0.30625 0.28611111093749997 0.30859375 0.309722221875 0.3109375 0.315277778125 0.321875 0.30555555624999997 0.3296875 0.30555555624999997 0.3375 0.3125 0.340625 0.302777778125 0.3421875 0.259722221875 0.3375 0.225 0.33359375 0.215277778125 0.3109375 0.215277778125 0.31015625 0.2138888890625 0.30625 0.21805555625 0.3046875 0.22777777812500002 0.3046875 0.2625 0.3078125 0.275
1 0.38828125 0.2541666671875 0.403125 0.24583333281250003 0.4015625 0.225 0.3921875 0.2166666671875 0.39140625 0.2166666671875 0.38671875 0.21944444375 0.38359375 0.23194444375 0.3796875 0.23611111093749998 0.38828125 0.2541666671875
5 0.23671875 0.2666666671875 0.23984375 0.259722221875 0.2375 0.23194444375 0.22890625 0.22916666718749998 0.228125 0.22777777812500002 0.2203125 0.23611111093749998 0.22265625 0.2625 0.2265625 0.2666666671875 0.23671875 0.2666666671875