2 0.20546875 0.5791666671875 0.20859375 0.5694444437499999 0.20859375 0.5416666671875 0.20390625 0.5319444437499999 0.19921875 0.5319444437499999 0.19609375 0.54305555625 0.196875 0.5625 0.2 0.5763888890625 0.20546875 0.5791666671875
0 0 0.8916666671875 0.04609375 0.8888888890625 0.05625 0.8819444437499999 0.07109375 0.847222221875 0.09375 0.7666666671875 0.10703125 0.7375 0.109375 0.7208333328125 0.11640625 0.7041666671875 0.11875 0.652777778125 0.1125 0.5986111109375 0.10859375 0.5888888890625 0.0640625 0.5930555562500001 0.0390625 0.6319444437499999 0.01328125 0.6958333328124999 0 0.7166666671875 0 0.8916666671875
2 0.00546875 0.575 0.0015625 0.565277778125 0 0.6208333328125 0.00546875 0.61944444375 0.00859375 0.60694444375 0.00546875 0.575
2 0.0328125 0.5944444437499999 0.0328125 0.58194444375 0.02890625 0.5527777781250001 0.02578125 0.547222221875 0.02109375 0.5486111109375 0.0171875 0.5736111109375 0.02109375 0.602777778125 0.0265625 0.6041666671875 0.0328125 0.5944444437499999
2 0.0890625 0.55694444375 0.0890625 0.54305555625 0.084375 0.5208333328125 0.0796875 0.5138888890625 0.07578125 0.515277778125 0.0765625 0.55694444375 0.0796875 0.5666666671875 0.08359375 0.565277778125 0.0890625 0.55694444375
0 0.14609375 0.5916666671875 0.1671875 0.5375 0.17421875 0.50555555625 0.17421875 0.47361111093749997 0.16953125 0.4388888890625 0.15859375 0.4361111109375 0.1359375 0.44166666718750003 0.10078125 0.5166666671875 0.1 0.5458333328125 0.10625 0.584722221875 0.11484375 0.5944444437499999 0.14609375 0.5916666671875
5 0.44842517812500005 0.2960187390625 0.4903041703125 0.3500002 0.531477365625 0.3500002 0.5328889953125 0.217766525 0.4921863796875 0.19600655 0.45760091875000003 0.20060962187500003 0.45877729375 0.2307388109375 0.4493662828125 0.23324959375 0.44842517812500005 0.2960187390625
0 0.315625 0.5305555562500001 0.32109375 0.6138888890625 0.33125 0.622222221875 0.39609375 0.609722221875 0.40078125 0.5930555562500001 0.39765625 0.5240740734375 0.40390625 0.4916666671875 0.39921875 0.46944444374999994 0.3890625 0.447222221875 0.37265625 0.3763888890625 0.365625 0.35972222187499997 0.3171875 0.3638888890625 0.3125 0.36944444375 0.3140625 0.46805555625000006 0.30625 0.5 0.30625 0.5166666671875 0.315625 0.5305555562500001
1 0.7796875 0.36944444375 0.78046875 0.352777778125 0.77578125 0.34305555625 0.75546875 0.34027777812500004 0.74453125 0.34861111093749997 0.74375 0.35972222187499997 0.746875 0.36805555624999997 0.77265625 0.3791666671875 0.7796875 0.36944444375
1 0.94765625 0.60694444375 0.965625 0.609722221875 0.97109375 0.6083333328125 0.9734375 0.6041666671875 0.97890625 0.60555555625 0.98359375 0.6111111109375 0.98671875 0.6333333328124999 0.9921875 0.640277778125 0.99921875 0.6416666671875 0.99921875 0.5722222218749999 0.99765625 0.5722222218749999 0.99375 0.559722221875 0.95546875 0.54444444375 0.946875 0.5458333328125 0.940625 0.559722221875 0.93828125 0.575 0.94453125 0.5875 0.94296875 0.5958333328125 0.94765625 0.60694444375
2 0.9265625 0.6041666671875 0.9265625 0.60555555625 0.928125 0.60694444375 0.93125 0.60694444375 0.9359375 0.6111111109375 0.9390625 0.6166666671875001 0.940625 0.6166666671875001 0.94296875 0.6125 0.9453125 0.60555555625 0.9390625 0.56805555625 0.93671875 0.5638888890625 0.92890625 0.5638888890625 0.92421875 0.5763888890625 0.925 0.577777778125 0.9234375 0.5833333328125 0.9234375 0.5986111109375 0.9265625 0.6041666671875
2 0.88828125 0.575 0.89296875 0.577777778125 0.89453125 0.5763888890625 0.8984375 0.5694444437499999 0.903125 0.56805555625 0.90390625 0.5638888890625 0.903125 0.5638888890625 0.9015625 0.5611111109375 0.9015625 0.5486111109375 0.9 0.547222221875 0.89609375 0.5319444437499999 0.8921875 0.5291666671875 0.88984375 0.5333333328125 0.88828125 0.5388888890625 0.884375 0.55694444375 0.884375 0.5638888890625 0.8859375 0.5708333328124999 0.88828125 0.575
2 0.978125 0.6234375 0.02734375 0.06875
2 0.9234375 0.5013888890625 0.92890625 0.5013888890625 0.93125 0.497222221875 0.93203125 0.49305555625 0.93203125 0.48055555625 0.93125 0.4791666671875 0.93125 0.475 0.9296875 0.46527777812500004 0.928125 0.4611111109375 0.9234375 0.4611111109375 0.91953125 0.46805555625000006 0.91484375 0.47083333281249995 0.9109375 0.477777778125 0.909375 0.48333333281249996 0.909375 0.490277778125 0.91171875 0.49444444374999996 0.9234375 0.5013888890625
2 0.94921875 0.51944444375 0.9546875 0.51944444375 0.95859375 0.522222221875 0.96015625 0.525 0.9671875 0.525 0.96875 0.5208333328125 0.9703125 0.5125 0.9703125 0.497222221875 0.96796875 0.4875 0.96640625 0.48472222187499997 0.96484375 0.48333333281249996 0.96015625 0.48333333281249996 0.9546875 0.4916666671875 0.95390625 0.4916666671875 0.95 0.5 0.94765625 0.5013888890625 0.94453125 0.5069444437499999 0.94453125 0.5138888890625 0.946875 0.51805555625 0.94921875 0.51944444375
2 0.05625 0.5458333328125 0.0515625 0.51944444375 0.04609375 0.5166666671875 0.04296875 0.522222221875 0.03984375 0.5388888890625 0.04453125 0.5708333328124999 0.05390625 0.559722221875 0.05625 0.5458333328125
2 0 0.56805555625 0.00546875 0.565277778125 0.00703125 0.5541666671875001 0.00390625 0.5166666671875 0 0.5166666671875 0 0.56805555625
2 0.0171875 0.522222221875 0.01875 0.515277778125 0.01875 0.49305555625 0.01484375 0.48472222187499997 0.009375 0.48333333281249996 0.00390625 0.497222221875 0.00390625 0.5111111109375 0.009375 0.527777778125 0.0171875 0.522222221875
2 0.0453125 0.4916666671875 0.03671875 0.46944444374999994 0.034375 0.47361111093749997 0.0328125 0.4986111109375 0.03515625 0.5097222218749999 0.040625 0.5125 0.0453125 0.4916666671875
2 0.07578125 0.43055555625 0.07265625 0.425 0.06796875 0.43055555625 0.06484375 0.4388888890625 0.06796875 0.46527777812500004 0.0765625 0.45416666718750004 0.07578125 0.43055555625
2 0.13046875 0.40972222187499996 0.12734375 0.4125 0.12578125 0.43194444374999996 0.13125 0.44305555625000004 0.13515625 0.41805555625 0.13046875 0.40972222187499996
2 0.13828125 0.39444444375 0.134375 0.3875 0.13046875 0.39305555625 0.12734375 0.4125 0.1265625 0.41944444374999995 0.134375 0.42222222187499997 0.1375 0.41805555625 0.13828125 0.39444444375
2 0.22265625 0.3513888890625 0.2203125 0.34444444375 0.2171875 0.34722222187499996 0.215625 0.372222221875 0.22109375 0.375 0.2234375 0.3708333328125 0.22265625 0.3513888890625
2 0.24296875 0.32777777812500003 0.23984375 0.3166666671875 0.23671875 0.31805555625 0.2359375 0.3333333328125 0.23984375 0.34444444375 0.24296875 0.34027777812500004 0.24296875 0.32777777812500003
2 0.1546875 0.3291666671875 0.15078125 0.33194444375 0.15078125 0.3513888890625 0.1546875 0.3541666671875 0.15703125 0.3375 0.1546875 0.3291666671875
2 0.184375 0.275 0.18046875 0.2708333328125 0.178125 0.28194444375 0.17890625 0.290277778125 0.18203125 0.2916666671875 0.184375 0.275
2 0.11328125 0.384722221875 0.1109375 0.3708333328125 0.10546875 0.375 0.10390625 0.3875 0.10703125 0.40416666718750005 0.1125 0.3986111109375 0.11328125 0.384722221875
1 0.34296875 0.20833333281250002 0.34296875 0.225 0.3546875 0.2236111109375 0.353125 0.20694444375 0.34296875 0.20833333281250002
2 0 0.6875 0.01328125 0.6833333328125 0.0171875 0.6708333328125 0.01015625 0.63055555625 0.00390625 0.6236111109375 0 0.6375 0 0.6875
2 0.0296875 0.6180555562500001 0.025 0.63055555625 0.02421875 0.6541666671875 0.02890625 0.6611111109375 0.0375 0.6333333328124999 0.0296875 0.6180555562500001
5 0.2359375 0.2236111109375 0.22421875 0.23194444375 0.2234375 0.2625 0.2375 0.2666666671875 0.23984375 0.2513888890625 0.2359375 0.2236111109375