5 0.30628899062500003 0.5319919109375 0.31410149062500003 0.5847696890625 0.313320240625 0.61393635625 0.316445240625 0.6236585781249999 0.312538990625 0.6292141328125 0.316445240625 0.636158578125 0.313320240625 0.6861585781249999 0.315663990625 0.6944919109375001 0.316445240625 0.7222696890625 0.322695240625 0.7417141328125 0.328945240625 0.780603021875 0.331288990625 0.8194919109375001 0.335195240625 0.8333807999999999 0.343788990625 0.8306030218749999 0.347695240625 0.8361585781249999 0.358632740625 0.8194919109375001 0.365663990625 0.8250474671875001 0.366445240625 0.8194919109375001 0.37269524062500003 0.818103021875 0.399257740625 0.8250474671875001 0.41800774062499996 0.81532524375 0.44144524062499996 0.818103021875 0.44066399062499995 0.8097696890625 0.45238274062499995 0.8000474671875001 0.454726490625 0.793103021875 0.44925774062499996 0.67782524375 0.44925774062499996 0.6597696890625 0.45238274062499995 0.655603021875 0.45238274062499995 0.6458808 0.43832024062499997 0.5847696890625 0.43363274062499996 0.5222696890625 0.42582024062499996 0.5167141328125 0.40941399062499995 0.5167141328125 0.400038990625 0.5000474671874999 0.390663990625 0.46393635624999996 0.382851490625 0.44726968906250003 0.378163990625 0.4417141328125 0.367226490625 0.4417141328125 0.35316399062500003 0.4347696890625 0.347695240625 0.4347696890625 0.308632740625 0.4458808 0.303945240625 0.4542141328125 0.303163990625 0.47226968906250005 0.30628899062500003 0.5319919109375
1 0.39296875 0.434722221875 0.39296875 0.4486111109375 0.4 0.4583333328125 0.42265625 0.45 0.4375 0.4513888890625 0.4390625 0.4375 0.4328125 0.40694444374999994 0.4328125 0.3958333328125 0.42265625 0.36944444375 0.4125 0.35555555625 0.4083984375 0.35555555625 0.3921875 0.35694444375 0.38515625 0.384722221875 0.38671875 0.41805555625 0.39296875 0.434722221875
0 0.015625 0.6736111109375 0.0125 0.7291666671875 0.015625 0.777777778125 0.01953125 0.79444444375 0.03046875 0.8013888890624999 0.071875 0.7958333328125 0.08046875 0.7875 0.09140625 0.765277778125 0.09453125 0.7513888890625 0.10859375 0.7180555562500001 0.121875 0.6708333328125 0.1265625 0.6708333328125 0.13828125 0.6263888890625 0.1359375 0.5638888890625 0.13125 0.527777778125 0.1265625 0.522222221875 0.12578125 0.522222221875 0.08984375 0.5291666671875 0.07890625 0.5555555562500001 0.02890625 0.6416666671875 0.015625 0.6736111109375
2 0.22578125 0.502777778125 0.228125 0.5013888890625 0.23046875 0.4875 0.228125 0.475 0.22421875 0.46944444374999994 0.2234375 0.46944444374999994 0.21875 0.475 0.21875 0.48333333281249996 0.221875 0.497222221875 0.22578125 0.502777778125
2 0.19921875 0.44305555625000004 0.19375 0.43055555625 0.1921875 0.43055555625 0.18984375 0.4388888890625 0.19140625 0.46527777812500004 0.19765625 0.46805555625000006 0.19921875 0.44305555625000004
2 0.12734375 0.38055555625 0.13046875 0.375 0.13046875 0.3638888890625 0.1265625 0.352777778125 0.12578125 0.352777778125 0.121875 0.3583333328125 0.121875 0.3708333328125 0.12265625 0.3763888890625 0.12734375 0.38055555625
2 0.09921875 0.45277777812500003 0.09609375 0.434722221875 0.0921875 0.43333333281249997 0.09140625 0.43194444374999996 0.08828125 0.45277777812500003 0.09140625 0.46944444374999994 0.0953125 0.46944444374999994 0.09921875 0.45277777812500003
2 0.1 0.3875 0.0953125 0.3791666671875 0.0921875 0.3791666671875 0.09140625 0.377777778125 0.084375 0.3875 0.09140625 0.40555555625000006 0.1 0.3986111109375 0.1 0.3875
2 0.0234375 0.43333333281249997 0.02265625 0.42222222187499997 0.0171875 0.4138888890625 0.0125 0.4138888890625 0.00546875 0.42222222187499997 0.00546875 0.4388888890625 0.0171875 0.4388888890625 0.0234375 0.43333333281249997
2 0.1734375 0.28611111093749997 0.1703125 0.2833333328125 0.16953125 0.2833333328125 0.165625 0.29305555625 0.16953125 0.30416666718749996 0.1734375 0.3 0.1734375 0.28611111093749997
2 0.209375 0.2666666671875 0.20625 0.259722221875 0.20390625 0.259722221875 0.2015625 0.2666666671875 0.2046875 0.27777777812500004 0.20859375 0.275 0.209375 0.2666666671875
2 0.18828125 0.2958333328125 0.1859375 0.28194444375 0.184375 0.28194444375 0.18125 0.28611111093749997 0.18046875 0.29444444375 0.18515625 0.3013888890625 0.18828125 0.2958333328125
5 0.328125 0.32734375 0.0546875 0.134375
5 0.43125 0.2708333328125 0.4421875 0.27638888906250003 0.44609375 0.28611111093749997 0.478125 0.28611111093749997 0.478125 0.26805555625 0.4734375 0.26527777812500003 0.46640625 0.2486111109375 0.45625 0.2375 0.453125 0.1916666671875 0.44453125 0.1888888890625 0.4421875 0.1888888890625 0.42734375 0.19444444375 0.42578125 0.24722222187499998 0.428125 0.2638888890625 0.43125 0.2708333328125
1 0.52421875 0.2791666671875 0.53046875 0.27777777812500004 0.5328125 0.272222221875 0.5328125 0.2638888890625 0.52734375 0.25694444375000003 0.522265625 0.25694444375000003 0.515625 0.25833333281250004 0.51484375 0.26944444375 0.5171875 0.27638888906250003 0.52421875 0.2791666671875
2 0.8390625 0.5166666671875 0.8421875 0.5138888890625 0.84296875 0.49444444374999996 0.8390625 0.475 0.834375 0.46944444374999994 0.83359375 0.46805555625000006 0.8296875 0.47083333281249995 0.82421875 0.497222221875 0.82890625 0.5111111109375 0.8390625 0.5166666671875
2 0.8078125 0.39027777812500003 0.80703125 0.38055555625 0.80234375 0.3708333328125 0.80078125 0.3708333328125 0.79453125 0.3791666671875 0.79453125 0.3916666671875 0.80234375 0.3986111109375 0.8078125 0.39027777812500003
2 0.70078125 0.42222222187499997 0.7046875 0.4166666671875 0.70546875 0.4 0.703125 0.3875 0.69765625 0.38194444375000003 0.696875 0.38055555625 0.69296875 0.39027777812500003 0.6921875 0.41111111093749997 0.69453125 0.41944444374999995 0.70078125 0.42222222187499997
2 0.9859375 0.6513888890625 0.97421875 0.6208333328125 0.97265625 0.6208333328125 0.9625 0.64444444375 0.96328125 0.652777778125 0.9859375 0.66944444375 0.9859375 0.6513888890625
1 0.14609375 0.7638888890625 0.14296875 0.777777778125 0.1453125 0.7986111109375 0.1484375 0.8027777781250001 0.1640625 0.8055555562500001 0.1734375 0.8027777781250001 0.1765625 0.79444444375 0.17890625 0.7611111109375 0.184375 0.7430555562500001 0.18203125 0.7083333328125 0.17734375 0.6986111109375 0.1729166671875 0.6986111109375 0.1578125 0.7013888890625 0.15 0.7263888890625 0.1453125 0.747222221875 0.14609375 0.7638888890625
5 0.1796875 0.7861111109375 0.17578125 0.8125 0.178125 0.852777778125 0.17578125 0.86944444375 0.1796875 0.8875 0.17734375 0.9083333328125001 0.18125 0.9333333328125001 0.18359375 0.9361111109375001 0.19296875 0.9333333328125001 0.19609375 0.9277777781250001 0.2171875 0.9263888890624999 0.22421875 0.9083333328125001 0.22265625 0.847222221875 0.22578125 0.8388888890624999 0.22265625 0.827777778125 0.22578125 0.8236111109375001 0.22578125 0.8138888890624999 0.2296875 0.809722221875 0.2328125 0.7819444437499999 0.22109375 0.747222221875 0.21640625 0.7430555562500001 0.21640625 0.7375 0.215625 0.74444444375 0.18515625 0.75 0.1796875 0.7583333328124999 0.1796875 0.7861111109375
2 0.2203125 0.777777778125 0.2359375 0.7861111109375 0.23671875 0.7833333328125 0.2328125 0.7791666671875 0.23359375 0.765277778125 0.23046875 0.7583333328124999 0.2296875 0.74444444375 0.22109375 0.725 0.21953125 0.725 0.21640625 0.73055555625 0.21484375 0.74444444375 0.21953125 0.7541666671875 0.2203125 0.777777778125
1 0.09140625 0.89444444375 0.0875 0.9 0.0890625 0.9125 0.084375 0.9361111109375001 0.0875 0.9625 0.08671875 0.98194444375 0.09140625 0.9902777781250001 0.1 0.9916666671875 0.10703125 0.9875 0.10859375 0.9916666671875 0.11484375 0.9930555562500001 0.12109375 0.984722221875 0.1265625 0.9888888890624999 0.1328125 0.9861111109375 0.13671875 0.9388888890624999 0.15 0.89305555625 0.15390625 0.86944444375 0.15078125 0.8333333328125001 0.14609375 0.825 0.1390625 0.8208333328125 0.13671875 0.8208333328125 0.1171875 0.825 0.1109375 0.83055555625 0.103125 0.8458333328125001 0.09140625 0.89444444375