5 0.36640625 0.46666666718750005 0.36953125 0.4625 0.3671875 0.4583333328125 0.36953125 0.45416666718750004 0.36640625 0.45277777812500003 0.36640625 0.447222221875 0.3609375 0.45277777812500003 0.35625 0.4486111109375 0.353125 0.45416666718750004 0.35 0.4486111109375 0.3453125 0.45277777812500003 0.34296875 0.4486111109375 0.3140625 0.45277777812500003 0.31015625 0.447222221875 0.30703125 0.4513888890625 0.30546875 0.47222222187499996 0.309375 0.51944444375 0.3140625 0.5319444437499999 0.3125 0.54444444375 0.31484375 0.5916666671875 0.31875 0.6125 0.31875 0.66944444375 0.3140625 0.6777777781250001 0.3125 0.6958333328124999 0.31328125 0.7388888890625 0.31953125 0.7611111109375 0.32578125 0.7625 0.33203125 0.7819444437499999 0.334375 0.825 0.334375 0.840277778125 0.33203125 0.8444444437499999 0.33359375 0.8708333328125001 0.33984375 0.8875 0.3421875 0.902777778125 0.34453125 0.9541666671875 0.35 0.9736111109375001 0.34921875 0.98055555625 0.353125 0.9930555562500001 0.36875 0.9930555562500001 0.37421875 0.9986111109375001 0.47421875 0.9958333328125001 0.47734375 0.977777778125 0.4859375 0.9583333328125001 0.48359375 0.9472222218749999 0.48828125 0.9125 0.48828125 0.8861111109375001 0.48359375 0.8611111109375 0.48359375 0.8194444437499999 0.46953125 0.7986111109375 0.47265625 0.79305555625 0.46953125 0.7888888890625 0.4625 0.7583333328124999 0.46171875 0.75 0.4671875 0.747222221875 0.4609375 0.7375 0.459375 0.7138888890625 0.453125 0.690277778125 0.453125 0.6569444437499999 0.4578125 0.652777778125 0.4546875 0.652777778125 0.45078125 0.64444444375 0.453125 0.6375 0.446875 0.6263888890625 0.44609375 0.5875 0.44296875 0.5638888890625 0.43828125 0.55 0.43515625 0.527777778125 0.4265625 0.525 0.4 0.5291666671875 0.38359375 0.5208333328125 0.39296875 0.5125 0.38984375 0.5083333328124999 0.38828125 0.490277778125 0.38125 0.46805555625000006 0.38046875 0.447222221875 0.3765625 0.44444444375 0.37578125 0.44444444375 0.37265625 0.45 0.37421875 0.46388888906250003 0.3703125 0.46944444374999994 0.36640625 0.46666666718750005
0 0.0328125 0.6291666671875 0.0140625 0.6736111109375 0.0109375 0.7 0.0125 0.709722221875 0.009375 0.7194444437499999 0.0140625 0.75555555625 0.01328125 0.7791666671875 0.0171875 0.7958333328125 0.0296875 0.8013888890624999 0.075 0.79444444375 0.090625 0.7611111109375 0.096875 0.7388888890625 0.115625 0.69305555625 0.11796875 0.6805555562500001 0.1265625 0.6638888890625 0.12734375 0.6541666671875 0.13828125 0.61944444375 0.1328125 0.54305555625 0.13046875 0.5291666671875 0.1265625 0.522222221875 0.1224609375 0.522222221875 0.08828125 0.5291666671875 0.06875 0.5722222218749999 0.05625 0.5875 0.0328125 0.6291666671875
1 0.1375 0.89444444375 0.13828125 0.9166666671874999 0.1421875 0.9236111109375 0.1625 0.922222221875 0.16953125 0.9166666671874999 0.171875 0.9041666671874999 0.171875 0.8680555562500001 0.178125 0.840277778125 0.1765625 0.8138888890624999 0.16953125 0.79305555625 0.16328125 0.7916666671875 0.1609375 0.7916666671875 0.1453125 0.797222221875 0.14140625 0.8111111109375001 0.1375 0.8513888890624999 0.1375 0.89444444375
1 0.17734375 0.9986111109375001 0.2265625 0.9986111109375001 0.22890625 0.99444444375 0.2265625 0.9708333328125001 0.22890625 0.9583333328125001 0.21953125 0.8916666671875 0.21953125 0.875 0.2234375 0.872222221875 0.2203125 0.8680555562500001 0.22421875 0.8638888890624999 0.2203125 0.85555555625 0.21328125 0.8513888890624999 0.20703125 0.8513888890624999 0.17734375 0.859722221875 0.17109375 0.8666666671875 0.171875 0.9513888890625 0.17734375 0.9986111109375001
2 0.22421875 0.8791666671874999 0.22734375 0.8791666671874999 0.23046875 0.86944444375 0.22890625 0.840277778125 0.22109375 0.8208333328125 0.2203125 0.8194444437499999 0.215625 0.8236111109375001 0.2125 0.840277778125 0.2203125 0.8875 0.22421875 0.8791666671874999
2 0.18125 0.6777777781250001 0.18515625 0.672222221875 0.18671875 0.652777778125 0.184375 0.64305555625 0.18515625 0.6291666671875 0.178125 0.6138888890625 0.17734375 0.6125 0.17265625 0.6263888890625 0.17265625 0.6555555562500001 0.1765625 0.675 0.18125 0.6777777781250001
2 0.2140625 0.6708333328125 0.21796875 0.66805555625 0.2203125 0.6458333328125 0.2171875 0.6208333328125 0.21328125 0.6111111109375 0.2109375 0.6111111109375 0.20703125 0.6208333328125 0.20625 0.6375 0.21015625 0.665277778125 0.2140625 0.6708333328125
2 0.225 0.5125 0.2203125 0.5013888890625 0.2171875 0.5013888890625 0.21484375 0.54444444375 0.21640625 0.5486111109375 0.22421875 0.5486111109375 0.225 0.5125
2 0.065625 0.4583333328125 0.06640625 0.45 0.0609375 0.4291666671875 0.06015625 0.427777778125 0.0546875 0.44166666718750003 0.05625 0.46666666718750005 0.0609375 0.46666666718750005 0.065625 0.4583333328125
2 0.06015625 0.40972222187499996 0.078125 0.3958333328125 0.078125 0.3888888890625 0.071875 0.375 0.06796875 0.375 0.06171875 0.3763888890625 0.05859375 0.38333333281250004 0.0578125 0.40416666718750005 0.06015625 0.40972222187499996
2 0.125 0.372222221875 0.125 0.35555555625 0.12265625 0.3513888890625 0.1203125 0.3513888890625 0.11484375 0.365277778125 0.115625 0.3763888890625 0.11875 0.38194444375000003 0.125 0.372222221875
2 0.1421875 0.35555555625 0.13828125 0.35555555625 0.13515625 0.36666666718749996 0.13828125 0.3791666671875 0.14375 0.375 0.1421875 0.35555555625
2 0.215625 0.325 0.21328125 0.31944444375000003 0.2109375 0.31944444375000003 0.2078125 0.325 0.21015625 0.34305555625 0.21484375 0.33888888906250003 0.215625 0.325
2 0.17578125 0.302777778125 0.17578125 0.28611111093749997 0.1734375 0.2833333328125 0.17109375 0.2833333328125 0.16796875 0.2958333328125 0.16953125 0.3138888890625 0.1734375 0.3138888890625 0.17578125 0.302777778125
2 0.9234375 0.5833333328125 0.92734375 0.58194444375 0.94140625 0.5916666671875 0.94375 0.5861111109375 0.94375 0.56805555625 0.9359375 0.54305555625 0.928125 0.534722221875 0.92734375 0.534722221875 0.925 0.55 0.91875 0.5638888890625 0.91875 0.5722222218749999 0.9234375 0.5833333328125
2 0.9859375 0.66944444375 0.9875 0.6569444437499999 0.98046875 0.652777778125 0.978125 0.6458333328125 0.97890625 0.6375 0.9734375 0.625 0.9703125 0.625 0.9625 0.64444444375 0.9625 0.6541666671875 0.9828125 0.672222221875 0.9859375 0.66944444375
2 0.83359375 0.4986111109375 0.8453125 0.5041666671875 0.8484375 0.5013888890625 0.85 0.477777778125 0.84140625 0.4611111109375 0.840625 0.4611111109375 0.83671875 0.46388888906250003 0.83203125 0.477777778125 0.83125 0.490277778125 0.83359375 0.4986111109375
2 0.8609375 0.45277777812500003 0.86484375 0.440277778125 0.87109375 0.434722221875 0.86796875 0.43055555625 0.86953125 0.41944444374999995 0.86171875 0.4138888890625 0.85859375 0.4138888890625 0.85078125 0.4263888890625 0.8484375 0.4388888890625 0.85078125 0.4458333328125 0.8609375 0.45277777812500003
2 0.703125 0.41944444374999995 0.7046875 0.40833333281249995 0.70234375 0.3916666671875 0.69765625 0.38333333281250004 0.6953125 0.38333333281250004 0.69140625 0.3958333328125 0.69140625 0.4125 0.696875 0.4263888890625 0.703125 0.41944444374999995
2 0.73046875 0.3763888890625 0.725 0.36944444375 0.72421875 0.36805555624999997 0.7203125 0.375 0.7203125 0.3875 0.728125 0.3958333328125 0.73046875 0.3763888890625
2 0.7703125 0.34027777812500004 0.7671875 0.334722221875 0.76328125 0.3375 0.7625 0.3625 0.7703125 0.35972222187499997 0.7703125 0.34027777812500004
5 0.409375 0.23611111093749998 0.42578125 0.23472222187499997 0.428125 0.21944444375 0.4203125 0.215277778125 0.41796875 0.1763888890625 0.4078125 0.16805555625 0.4078125 0.15972222187500001 0.4 0.16805555625 0.3984375 0.1763888890625 0.4 0.22638888906250001 0.409375 0.23611111093749998
1 0.30625 0.2236111109375 0.29453125 0.23611111093749998 0.2984375 0.2666666671875 0.303125 0.2708333328125 0.30546875 0.28611111093749997 0.303125 0.2958333328125 0.303125 0.30694444375 0.30546875 0.3111111109375 0.31796875 0.30694444375 0.33203125 0.3125 0.34140625 0.309722221875 0.3421875 0.30555555624999997 0.3390625 0.275 0.34375 0.259722221875 0.34296875 0.2513888890625 0.33984375 0.24722222187499998 0.3359375 0.22916666718749998 0.321875 0.215277778125 0.33359375 0.21111111093749999 0.32421875 0.20833333281250002 0.321875 0.20833333281250002 0.3125 0.2125 0.31640625 0.21944444375 0.31484375 0.222222221875 0.30625 0.2236111109375
1 0.134375 0.9986111109375001 0.12734375 0.959722221875 0.11484375 0.9541666671875 0.1140625 0.9541666671875 0.0875 0.9625 0.08046875 0.9736111109375001 0.075 0.9986111109375001 0.134375 0.9986111109375001