5 0.5640625 0.34861111093749997 0.56640625 0.35694444375 0.5625 0.372222221875 0.565625 0.3763888890625 0.5625 0.4263888890625 0.56484375 0.45 0.56796875 0.4583333328125 0.58046875 0.459722221875 0.6 0.477777778125 0.61015625 0.5138888890625 0.6171875 0.51944444375 0.64140625 0.5111111109375 0.67734375 0.5097222218749999 0.6859375 0.5013888890625 0.6890625 0.48194444374999995 0.70546875 0.475 0.70859375 0.46527777812500004 0.7078125 0.4388888890625 0.71015625 0.434722221875 0.7109375 0.35694444375 0.61015625 0.30555555624999997 0.6059895828124999 0.30555555624999997 0.58828125 0.3083333328125 0.571875 0.31944444375000003 0.56875 0.33888888906250003 0.5640625 0.34861111093749997
1 0.434375 0.61944444375 0.44453125 0.64444444375 0.44609375 0.6666666671875 0.45078125 0.672222221875 0.50625 0.66805555625 0.5109375 0.647222221875 0.509375 0.6263888890625 0.503125 0.5986111109375 0.50625 0.5833333328125 0.49765625 0.5791666671875 0.4859375 0.5416666671875 0.47421875 0.527777778125 0.4703125 0.527777778125 0.44296875 0.5319444437499999 0.434375 0.5583333328125 0.43125 0.6013888890625 0.434375 0.61944444375
1 0.38203125 0.41944444374999995 0.38828125 0.44305555625000004 0.428125 0.44166666718750003 0.42890625 0.40694444374999994 0.425 0.3916666671875 0.4125 0.36805555624999997 0.40859375 0.36805555624999997 0.38828125 0.3708333328125 0.38359375 0.38194444375000003 0.38125 0.3958333328125 0.38203125 0.41944444374999995
1 0.35859375 0.3333333328125 0.3640625 0.3416666671875 0.378125 0.3375 0.38515625 0.34305555625 0.3890625 0.33888888906250003 0.38984375 0.33055555625 0.38828125 0.3083333328125 0.38359375 0.290277778125 0.378125 0.28194444375 0.373697915625 0.28194444375 0.36484375 0.28194444375 0.3609375 0.28611111093749997 0.35703125 0.30416666718749996 0.35859375 0.3333333328125
2 0.184375 0.95 0.18671875 0.9513888890625 0.19296875 0.94305555625 0.19609375 0.95694444375 0.20078125 0.959722221875 0.20546875 0.9486111109375001 0.209375 0.9472222218749999 0.209375 0.9388888890624999 0.20234375 0.9041666671874999 0.2 0.8611111109375 0.19609375 0.8611111109375 0.18515625 0.8625 0.18203125 0.86944444375 0.18515625 0.8986111109375001 0.184375 0.95
2 0.17890625 0.8375 0.18359375 0.827777778125 0.18515625 0.7861111109375 0.17890625 0.7597222218749999 0.1703125 0.7486111109375 0.16875 0.7486111109375 0.165625 0.7611111109375 0.1671875 0.809722221875 0.1765625 0.8375 0.17890625 0.8375
2 0.06640625 0.590277778125 0.071875 0.5875 0.0765625 0.575 0.07578125 0.5486111109375 0.06875 0.5375 0.06796875 0.5361111109375 0.06484375 0.540277778125 0.06328125 0.5527777781250001 0.0640625 0.584722221875 0.06640625 0.590277778125
2 0.05234375 0.51805555625 0.05234375 0.49305555625 0.0453125 0.48194444374999995 0.04453125 0.48194444374999995 0.040625 0.497222221875 0.04296875 0.5291666671875 0.04609375 0.5291666671875 0.05234375 0.51805555625
2 0.065625 0.534722221875 0.065625 0.5138888890625 0.06015625 0.5 0.059375 0.5 0.05390625 0.5138888890625 0.05625 0.5458333328125 0.0640625 0.54444444375 0.065625 0.534722221875
2 0.071875 0.447222221875 0.06796875 0.43333333281249997 0.0640625 0.43333333281249997 0.0640625 0.47083333281249995 0.06953125 0.46805555625000006 0.071875 0.459722221875 0.071875 0.447222221875
2 0.10234375 0.44444444375 0.10625 0.43333333281249997 0.10390625 0.4166666671875 0.1 0.40833333281249995 0.09921875 0.40833333281249995 0.0953125 0.41944444374999995 0.09609375 0.440277778125 0.09921875 0.4458333328125 0.10234375 0.44444444375
2 0.0796875 0.3791666671875 0.07578125 0.3791666671875 0.0734375 0.3916666671875 0.07578125 0.40694444374999994 0.08359375 0.40138888906250003 0.0796875 0.3791666671875
2 0.12421875 0.3708333328125 0.12265625 0.36805555624999997 0.121875 0.40694444374999994 0.1265625 0.40833333281249995 0.13046875 0.38055555625 0.12421875 0.3708333328125
2 0.14296875 0.40138888906250003 0.13828125 0.38333333281250004 0.1375 0.38333333281250004 0.13359375 0.3916666671875 0.1359375 0.4166666671875 0.140625 0.4138888890625 0.14296875 0.40138888906250003
2 0.16171875 0.39305555625 0.15859375 0.384722221875 0.15703125 0.384722221875 0.1546875 0.40972222187499996 0.1578125 0.41944444374999995 0.16328125 0.4125 0.16171875 0.39305555625
2 0.10859375 0.36666666718749996 0.10390625 0.3583333328125 0.10234375 0.3583333328125 0.1 0.3736111109375 0.103125 0.384722221875 0.109375 0.3791666671875 0.10859375 0.36666666718749996
2 0.1328125 0.3611111109375 0.13046875 0.3458333328125 0.13046875 0.3416666671875 0.12578125 0.34722222187499996 0.1265625 0.35972222187499997 0.13046875 0.36805555624999997 0.1328125 0.3611111109375
2 0.165625 0.34027777812500004 0.1625 0.32777777812500003 0.16171875 0.3263888890625 0.15703125 0.3333333328125 0.1578125 0.352777778125 0.1640625 0.35 0.165625 0.34027777812500004
2 0.16015625 0.30416666718749996 0.16015625 0.3138888890625 0.16171875 0.3166666671875 0.1640625 0.3166666671875 0.165625 0.31805555625 0.165625 0.315277778125 0.16640625 0.3138888890625 0.165625 0.3125 0.16640625 0.2986111109375 0.16328125 0.29444444375 0.1609375 0.29444444375 0.1609375 0.2958333328125 0.159375 0.2986111109375 0.159375 0.302777778125 0.16015625 0.30416666718749996
2 0.175 0.322222221875 0.1734375 0.2916666671875 0.17265625 0.2916666671875 0.16953125 0.29444444375 0.16484375 0.3138888890625 0.16875 0.3263888890625 0.175 0.322222221875
2 0.18515625 0.290625 0.00546875 0.0234375
2 0.1953125 0.28515625 0.00546875 0.0203125
2 0.178125 0.275 0.00390625 0.0203125
2 0.19609375 0.2671875 0.00546875 0.01953125
2 0.2015625 0.259375 0.00625 0.0171875
2 0.2046875 0.25078125 0.00625 0.02109375
2 0.2125 0.24296875 0.0046875 0.0140625
2 0.9625 0.6263888890625 0.9703125 0.622222221875 0.96796875 0.590277778125 0.959375 0.56805555625 0.95859375 0.5666666671875 0.94453125 0.5958333328125 0.946875 0.625 0.95859375 0.6375 0.9625 0.6263888890625
2 0.771875 0.46527777812500004 0.775 0.4611111109375 0.77578125 0.4375 0.76796875 0.425 0.7671875 0.4236111109375 0.76171875 0.44444444375 0.76171875 0.45416666718750004 0.76328125 0.459722221875 0.771875 0.46527777812500004
2 0.865625 0.4625 0.86875 0.44166666718750003 0.86640625 0.4388888890625 0.86640625 0.43055555625 0.86171875 0.427777778125 0.8609375 0.4263888890625 0.85390625 0.4361111109375 0.85078125 0.45 0.859375 0.4611111109375 0.865625 0.4625
1 0.76015625 0.3763888890625 0.775 0.3791666671875 0.7796875 0.365277778125 0.7796875 0.3541666671875 0.7765625 0.34444444375 0.76953125 0.34027777812500004 0.765625 0.34027777812500004 0.7484375 0.34305555625 0.74375 0.3513888890625 0.74375 0.3638888890625 0.76015625 0.3763888890625
5 0.2265625 0.26527777812500003 0.2359375 0.2666666671875 0.2390625 0.2611111109375 0.2359375 0.22777777812500002 0.2359375 0.222222221875 0.225 0.22916666718749998 0.221875 0.23611111093749998 0.2234375 0.259722221875 0.2265625 0.26527777812500003
5 0.36640625 0.2 0.36171875 0.184722221875 0.35703125 0.184722221875 0.346875 0.19305555624999998 0.34921875 0.22777777812500002 0.3625 0.22638888906250001 0.36640625 0.2
2 0.82421875 0.40972222187499996 0.82578125 0.4 0.82578125 0.3875 0.82265625 0.38055555625 0.821875 0.38055555625 0.8171875 0.3958333328125 0.8171875 0.40555555625000006 0.82109375 0.4125 0.82421875 0.40972222187499996
2 0.80078125 0.3986111109375 0.80234375 0.3861111109375 0.8015625 0.3736111109375 0.79921875 0.3708333328125 0.79765625 0.3708333328125 0.79375 0.38333333281250004 0.79453125 0.4 0.796875 0.40277777812500004 0.80078125 0.3986111109375