1 0.37734375 0.60694444375 0.38046875 0.6375 0.3828125 0.6513888890625 0.3921875 0.665277778125 0.4 0.715277778125 0.40390625 0.7194444437499999 0.41484375 0.709722221875 0.45703125 0.7013888890625 0.47421875 0.7041666671875 0.47734375 0.7 0.47890625 0.6875 0.47734375 0.652777778125 0.46484375 0.6111111109375 0.46484375 0.602777778125 0.4703125 0.5944444437499999 0.46640625 0.590277778125 0.4625 0.5930555562500001 0.4390625 0.5375 0.43125 0.5236111109375 0.4234375 0.51944444375 0.418359375 0.51944444375 0.38984375 0.525 0.38359375 0.540277778125 0.3796875 0.5625 0.37734375 0.60694444375
5 0.39296875 0.47361111093749997 0.4 0.5 0.41171875 0.49305555625 0.41328125 0.4875 0.42265625 0.48472222187499997 0.4359375 0.4861111109375 0.4421875 0.497222221875 0.446875 0.497222221875 0.45078125 0.4791666671875 0.4515625 0.4166666671875 0.43984375 0.3763888890625 0.44453125 0.36944444375 0.4421875 0.3625 0.44609375 0.35694444375 0.43515625 0.334722221875 0.4203125 0.3236111109375 0.41609375000000004 0.3236111109375 0.384375 0.3263888890625 0.37890625 0.3361111109375 0.3859375 0.459722221875 0.39296875 0.47361111093749997
1 0.5484375 0.40555555625000006 0.55078125 0.3958333328125 0.55 0.3763888890625 0.54140625 0.352777778125 0.5359375 0.3458333328125 0.51796875 0.34444444375 0.5171875 0.34444444375 0.50078125 0.35694444375 0.5 0.3875 0.5125 0.40833333281249995 0.5484375 0.40555555625000006
1 0.36484375 0.3375 0.390625 0.32083333281250004 0.38671875 0.29722222187499997 0.38203125 0.2888888890625 0.37734375 0.2875 0.375 0.2875 0.36484375 0.2916666671875 0.3609375 0.30416666718749996 0.36171875 0.325 0.36484375 0.3375
1 0.4390625 0.3416666671875 0.46640625 0.34027777812500004 0.46640625 0.31805555625 0.4625 0.30416666718749996 0.45546875 0.2958333328125 0.4515625 0.2958333328125 0.43984375 0.29722222187499997 0.434375 0.30555555624999997 0.434375 0.322222221875 0.4390625 0.3416666671875
5 0.30546875 0.2791666671875 0.31015625 0.290277778125 0.32578125 0.28472222187499996 0.334375 0.2875 0.3375 0.28194444375 0.33359375 0.2138888890625 0.33203125 0.20416666718749998 0.32734375 0.2 0.32421875 0.2 0.30859375 0.20416666718749998 0.30859375 0.2166666671875 0.30625 0.21944444375 0.30546875 0.2791666671875
5 0.36328125 0.2888888890625 0.37578125 0.28472222187499996 0.3765625 0.2513888890625 0.3734375 0.240277778125 0.36875 0.23472222187499997 0.3625 0.23472222187499997 0.3546875 0.240277778125 0.35234375 0.2708333328125 0.35625 0.2875 0.36328125 0.2888888890625
2 0.18515625 0.95 0.18984375 0.9513888890625 0.19375 0.9472222218749999 0.20078125 0.9625 0.21015625 0.9472222218749999 0.21015625 0.9375 0.203125 0.902777778125 0.20078125 0.8680555562500001 0.19765625 0.8625 0.1921875 0.8625 0.18515625 0.8652777781250001 0.1828125 0.8708333328125001 0.18671875 0.915277778125 0.18515625 0.95
2 0.94609375 0.5069444437499999 0.9453125 0.4916666671875 0.94296875 0.477777778125 0.93984375 0.475 0.9390625 0.475 0.92734375 0.4888888890625 0.9234375 0.502777778125 0.94296875 0.515277778125 0.94609375 0.5069444437499999
2 0.9140625 0.4861111109375 0.9171875 0.4763888890625 0.9171875 0.4583333328125 0.91328125 0.45 0.90859375 0.45 0.90078125 0.4625 0.8984375 0.47361111093749997 0.9015625 0.48055555625 0.9140625 0.4861111109375
2 0.034375 0.5763888890625 0.034375 0.5486111109375 0.02578125 0.534722221875 0.025 0.534722221875 0.0171875 0.5555555562500001 0.02265625 0.5916666671875 0.0328125 0.5833333328125 0.034375 0.5763888890625
2 0.0375 0.50555555625 0.0375 0.48472222187499997 0.0328125 0.47222222187499996 0.02890625 0.47222222187499996 0.025 0.4888888890625 0.0265625 0.5111111109375 0.02890625 0.515277778125 0.0375 0.50555555625
2 0.0609375 0.45694444375 0.05703125 0.4263888890625 0.05625 0.425 0.05234375 0.43055555625 0.05 0.44305555625000004 0.0515625 0.46388888906250003 0.0609375 0.45694444375
2 0.08203125 0.40277777812500004 0.08203125 0.39444444375 0.0765625 0.377777778125 0.07578125 0.377777778125 0.07109375 0.3888888890625 0.071875 0.41111111093749997 0.07734375 0.41111111093749997 0.08203125 0.40277777812500004
2 0.11484375 0.35555555625 0.11484375 0.3541666671875 0.1109375 0.3625 0.11171875 0.3791666671875 0.11875 0.3763888890625 0.11484375 0.35555555625
2 0.14296875 0.35694444375 0.1421875 0.35555555625 0.14140625 0.38194444375000003 0.14609375 0.38333333281250004 0.146875 0.3611111109375 0.14296875 0.35694444375
2 0.1875 0.30694444375 0.18203125 0.2986111109375 0.18125 0.2986111109375 0.18046875 0.322222221875 0.18515625 0.325 0.18828125 0.31944444375000003 0.1875 0.30694444375
2 0.17734375 0.275 0.1765625 0.275 0.1734375 0.28055555625 0.175 0.2986111109375 0.1796875 0.2958333328125 0.17734375 0.275
1 0.79609375 0.44166666718750003 0.8171875 0.45277777812500003 0.82578125 0.4625 0.8453125 0.4625 0.8515625 0.45694444375 0.8515625 0.4138888890625 0.82578125 0.397222221875 0.821875 0.397222221875 0.80625 0.397222221875 0.79765625 0.40972222187499996 0.79453125 0.4263888890625 0.79609375 0.44166666718750003
1 0.76171875 0.375 0.7765625 0.3736111109375 0.77890625 0.3541666671875 0.77734375 0.34305555625 0.76015625 0.3375 0.7578125 0.3375 0.7515625 0.33888888906250003 0.74453125 0.34722222187499996 0.74375 0.3638888890625 0.76171875 0.375
1 0.3984375 0.24305555625 0.39921875 0.23472222187499997 0.3953125 0.2166666671875 0.38828125 0.2166666671875 0.38125 0.22638888906250001 0.38046875 0.23611111093749998 0.384375 0.24583333281250003 0.3984375 0.24305555625