5 0.30625 0.5305555562500001 0.30625 0.565277778125 0.31875 0.715277778125 0.32109375 0.7861111109375 0.3265625 0.825 0.325 0.8291666671875 0.3296875 0.8833333328125 0.3296875 0.9111111109375001 0.33359375 0.9277777781250001 0.33359375 0.9541666671875 0.3390625 0.9986111109375001 0.63125 0.9986111109375001 0.63203125 0.9916666671875 0.62109375 0.9708333328125001 0.60234375 0.91805555625 0.58671875 0.8916666671875 0.58359375 0.872222221875 0.575 0.8611111109375 0.571875 0.8458333328125001 0.54921875 0.7986111109375 0.5375 0.7625 0.48671875 0.6416666671875 0.48515625 0.63055555625 0.48046875 0.625 0.4609375 0.5791666671875 0.45703125 0.565277778125 0.4578125 0.559722221875 0.45 0.55 0.44375 0.5236111109375 0.428125 0.5083333328124999 0.40625 0.5069444437499999 0.40234375 0.5069444437499999 0.3671875 0.5138888890625 0.32109375 0.515277778125 0.3140625 0.51805555625 0.30625 0.5305555562500001
1 0.39453125 0.40694444374999994 0.39609375 0.425 0.39296875 0.4388888890625 0.3953125 0.46527777812500004 0.4 0.4791666671875 0.4109375 0.49583333281249997 0.43515625 0.49305555625 0.43828125 0.4986111109375 0.45859375 0.5 0.459375 0.4611111109375 0.45234375 0.40277777812500004 0.4390625 0.3638888890625 0.4265625 0.35555555625 0.422265625 0.35555555625 0.39765625 0.35694444375 0.39453125 0.3611111109375 0.3921875 0.40416666718750005 0.39453125 0.40694444374999994
5 0.29453125 0.2958333328125 0.3 0.31805555625 0.29765625 0.34027777812500004 0.30234375 0.375 0.31015625 0.375 0.32109375 0.365277778125 0.34140625 0.3708333328125 0.3453125 0.3625 0.3453125 0.3361111109375 0.3421875 0.3138888890625 0.3453125 0.309722221875 0.3453125 0.2888888890625 0.340625 0.2875 0.3390625 0.240277778125 0.33515625 0.23333333281250002 0.33098958437500003 0.23333333281250002 0.31015625 0.23333333281250002 0.29765625 0.2388888890625 0.29765625 0.27777777812500004 0.29453125 0.2958333328125
5 0.50625 0.2986111109375 0.50390625 0.309722221875 0.50703125 0.3166666671875 0.503125 0.325 0.50234375 0.3416666671875 0.5078125 0.3708333328125 0.5328125 0.40277777812500004 0.55546875 0.40694444374999994 0.578125 0.40416666718750005 0.58671875 0.3875 0.59140625 0.3625 0.59140625 0.3513888890625 0.58828125 0.3416666671875 0.578125 0.3291666671875 0.58203125 0.309722221875 0.58125 0.2986111109375 0.56796875 0.28472222187499996 0.56875 0.28055555625 0.57421875 0.27777777812500004 0.5640625 0.27638888906250003 0.55859375 0.28194444375 0.55234375 0.2708333328125 0.5453125 0.2666666671875 0.54453125 0.2666666671875 0.53671875 0.272222221875 0.51171875 0.2708333328125 0.5046875 0.275 0.50625 0.2986111109375
0 0.10703125 0.5361111109375 0.11015625 0.54305555625 0.1109375 0.5736111109375 0.11484375 0.5875 0.125 0.5916666671875 0.14296875 0.590277778125 0.1453125 0.58194444375 0.15 0.577777778125 0.1578125 0.58055555625 0.17265625 0.547222221875 0.18515625 0.4986111109375 0.18515625 0.477777778125 0.18125 0.4791666671875 0.1765625 0.47361111093749997 0.18515625 0.46527777812500004 0.18515625 0.41944444374999995 0.18125 0.41111111093749997 0.17734375 0.40972222187499996 0.17109375 0.40972222187499996 0.15703125 0.4125 0.15078125 0.41805555625 0.11328125 0.49305555625 0.10703125 0.5361111109375
1 0.10703125 0.8111111109375001 0.109375 0.8208333328125 0.10859375 0.83194444375 0.103125 0.85694444375 0.10625 0.8625 0.109375 0.8875 0.1203125 0.8888888890625 0.1265625 0.88055555625 0.14609375 0.8875 0.15 0.88055555625 0.1546875 0.852777778125 0.153125 0.8111111109375001 0.16171875 0.8138888890624999 0.16640625 0.8013888890624999 0.1640625 0.7958333328125 0.165625 0.784722221875 0.1625 0.7708333328125 0.16328125 0.7583333328124999 0.15859375 0.752777778125 0.15625 0.752777778125 0.1265625 0.7625 0.1171875 0.7833333328125 0.11171875 0.8055555562500001 0.10703125 0.8111111109375001
5 0.184375 0.7736111109375 0.18203125 0.7986111109375 0.184375 0.8055555562500001 0.18359375 0.8388888890624999 0.1890625 0.85555555625 0.2 0.847222221875 0.21640625 0.8458333328125001 0.2265625 0.8375 0.22421875 0.81805555625 0.22421875 0.7819444437499999 0.2265625 0.7666666671875 0.221875 0.7402777781250001 0.2234375 0.7125 0.22109375 0.6888888890625 0.2203125 0.6875 0.1921875 0.6916666671875 0.1859375 0.6972222218749999 0.18125 0.73194444375 0.184375 0.7736111109375
1 0.19609375 0.54444444375 0.20078125 0.5513888890625 0.2140625 0.5527777781250001 0.225 0.54444444375 0.22421875 0.51944444375 0.2265625 0.5125 0.22421875 0.49444444374999996 0.21796875 0.4875 0.2125 0.4875 0.20859375 0.4888888890625 0.2046875 0.497222221875 0.19765625 0.5319444437499999 0.19609375 0.54444444375
1 0 0.702777778125 0.015625 0.6986111109375 0.02890625 0.6625 0.03671875 0.6541666671875 0.040625 0.64444444375 0.040625 0.60555555625 0.0375 0.5791666671875 0.0328125 0.5694444437499999 0.015625 0.5722222218749999 0.0140625 0.56805555625 0.01328125 0.5666666671875 0.0109375 0.5722222218749999 0 0.577777778125 0 0.702777778125
2 0.24765625 0.46388888906250003 0.25078125 0.45 0.24609375 0.43055555625 0.24375 0.4263888890625 0.2390625 0.4375 0.2390625 0.44444444375 0.2421875 0.459722221875 0.24765625 0.46388888906250003
2 0.153125 0.6319444437499999 0.1625 0.6263888890625 0.15625 0.5791666671875 0.153125 0.5791666671875 0.1484375 0.58194444375 0.146875 0.5875 0.1484375 0.627777778125 0.153125 0.6319444437499999
2 0.02890625 0.565277778125 0.028125 0.55 0.021875 0.5361111109375 0.01875 0.5361111109375 0.0125 0.5527777781250001 0.01328125 0.5708333328124999 0.0265625 0.5694444437499999 0.02890625 0.565277778125
2 0.0609375 0.522222221875 0.06015625 0.49444444374999996 0.05625 0.4861111109375 0.0546875 0.4861111109375 0.04921875 0.5 0.0515625 0.5291666671875 0.0546875 0.5319444437499999 0.0609375 0.522222221875
2 0.08359375 0.434722221875 0.090625 0.427777778125 0.09140625 0.40416666718750005 0.08828125 0.4 0.0875 0.3986111109375 0.08359375 0.40138888906250003 0.0796875 0.415277778125 0.0796875 0.4263888890625 0.08359375 0.434722221875
2 0.14375 0.334722221875 0.1453125 0.32777777812500003 0.14296875 0.3111111109375 0.1421875 0.309722221875 0.13671875 0.31944444375000003 0.13671875 0.3263888890625 0.140625 0.334722221875 0.14375 0.334722221875
2 0.1671875 0.3125 0.165625 0.309722221875 0.16171875 0.3138888890625 0.165625 0.33194444375 0.16796875 0.3236111109375 0.1671875 0.3125
2 0.79609375 0.4861111109375 0.796875 0.45555555625000005 0.79140625 0.44444444375 0.790625 0.44305555625000004 0.78515625 0.45694444375 0.7859375 0.477777778125 0.7921875 0.4861111109375 0.79609375 0.4861111109375
2 0.8375 0.43333333281249997 0.83984375 0.4291666671875 0.840625 0.4138888890625 0.8375 0.3958333328125 0.834375 0.39305555625 0.8328125 0.39305555625 0.8296875 0.397222221875 0.82578125 0.41944444374999995 0.82890625 0.4291666671875 0.8375 0.43333333281249997
2 0.7328125 0.43055555625 0.73515625 0.4138888890625 0.73203125 0.40277777812500004 0.728125 0.40277777812500004 0.72421875 0.41805555625 0.7265625 0.4291666671875 0.7296875 0.43194444374999996 0.7328125 0.43055555625
2 0.70234375 0.39027777812500003 0.7046875 0.3875 0.7046875 0.3736111109375 0.7015625 0.365277778125 0.69921875 0.365277778125 0.69609375 0.36944444375 0.6953125 0.38333333281250004 0.69765625 0.3888888890625 0.70234375 0.39027777812500003
2 0.728125 0.3916666671875 0.72890625 0.38194444375000003 0.728125 0.36944444375 0.725 0.3638888890625 0.72421875 0.3625 0.7203125 0.36805555624999997 0.7203125 0.3875 0.72421875 0.39444444375 0.728125 0.3916666671875
2 0.74375 0.40694444374999994 0.7453125 0.39305555625 0.740625 0.3736111109375 0.73828125 0.3736111109375 0.734375 0.39444444375 0.73515625 0.40416666718750005 0.73984375 0.40833333281249995 0.74375 0.40694444374999994
2 0.76640625 0.415277778125 0.76640625 0.3958333328125 0.75703125 0.38194444375000003 0.75546875 0.38194444375000003 0.753125 0.3875 0.75234375 0.4125 0.7640625 0.41944444374999995 0.76640625 0.415277778125
1 0.8765625 0.515277778125 0.8828125 0.525 0.88671875 0.540277778125 0.89609375 0.55 0.91640625 0.5486111109375 0.92421875 0.540277778125 0.92421875 0.5236111109375 0.90390625 0.4861111109375 0.89609375 0.477777778125 0.88203125 0.47361111093749997 0.87734375 0.47361111093749997 0.8671875 0.4791666671875 0.8625 0.502777778125 0.86484375 0.5125 0.8765625 0.515277778125
1 0.42578125 0.30694444375 0.43515625 0.309722221875 0.43828125 0.30555555624999997 0.4515625 0.30416666718749996 0.45078125 0.27777777812500004 0.44609375 0.26944444375 0.43984375 0.2666666671875 0.4390625 0.2666666671875 0.42890625 0.26944444375 0.4234375 0.27638888906250003 0.42265625 0.3013888890625 0.42578125 0.30694444375
2 0.2015625 0.98055555625 0.1953125 0.98055555625 0.18671875 0.9611111109375001 0.1828125 0.9611111109375001 0.1796875 0.9666666671874999 0.17890625 0.9888888890624999 0.17548828125 0.994965278125 0.17890625 0.9986111109375001 0.20546875 0.9986111109375001 0.2015625 0.98055555625
2 0.98046875 0.6611111109375 0.98359375 0.6486111109375 0.97890625 0.622222221875 0.9765625 0.622222221875 0.9671875 0.6361111109375 0.965625 0.652777778125 0.9828125 0.665277778125 0.98046875 0.6611111109375
1 0.36015625 0.20833333281250002 0.3546875 0.20416666718749998 0.35234375 0.20416666718749998 0.3453125 0.2125 0.346875 0.22916666718749998 0.3609375 0.23194444375 0.36015625 0.20833333281250002
1 0.38359375 0.23055555625 0.396875 0.22777777812500002 0.3984375 0.215277778125 0.3921875 0.20277777812500003 0.3890625 0.20277777812500003 0.3828125 0.20555555625 0.38125 0.21111111093749999 0.38046875 0.222222221875 0.38359375 0.23055555625
2 0.20546875 0.2708333328125 0.2015625 0.25833333281250004 0.20078125 0.25833333281250004 0.1984375 0.2625 0.1984375 0.272222221875 0.20078125 0.27638888906250003 0.20546875 0.2708333328125