1 0.5296875 0.4875 0.5640625 0.4861111109375 0.5671875 0.477777778125 0.565625 0.4513888890625 0.55625 0.427777778125 0.5453125 0.4138888890625 0.5171875 0.4138888890625 0.50078125 0.43194444374999996 0.5015625 0.46527777812500004 0.51171875 0.475 0.52109375 0.49305555625 0.5296875 0.4875
5 0.5 0.34861111093749997 0.50546875 0.3513888890625 0.509375 0.3625 0.5265625 0.3638888890625 0.54453125 0.3986111109375 0.54453125 0.40833333281249995 0.5640625 0.43333333281249997 0.5890625 0.42222222187499997 0.61640625 0.4236111109375 0.61640625 0.38333333281250004 0.6234375 0.3611111109375 0.62421875 0.25833333281250004 0.54453125 0.2208333328125 0.509375 0.2236111109375 0.5015625 0.23611111093749998 0.496875 0.2916666671875 0.49375 0.29444444375 0.49609375 0.34027777812500004 0.5 0.34861111093749997
0 0 0.8861111109375001 0.01328125 0.890277778125 0.06640625 0.877777778125 0.07421875 0.8583333328125 0.1015625 0.7541666671875 0.1109375 0.70694444375 0.109375 0.6583333328125 0.10078125 0.60694444375 0.06015625 0.609722221875 0.053125 0.6138888890625 0.04765625 0.6263888890625 0 0.7402777781250001 0 0.8861111109375001
2 0.18125 0.8027777781250001 0.17890625 0.7708333328125 0.1734375 0.7458333328125 0.165625 0.752777778125 0.1609375 0.775 0.16484375 0.8291666671875 0.1703125 0.8333333328125001 0.1734375 0.81805555625 0.18125 0.8027777781250001
2 0.2046875 0.8847222218749999 0.20859375 0.8763888890624999 0.20859375 0.8291666671875 0.1984375 0.8 0.19453125 0.8027777781250001 0.190625 0.81805555625 0.1890625 0.8333333328125001 0.1953125 0.8652777781250001 0.20078125 0.8833333328125 0.2046875 0.8847222218749999
2 0.23984375 0.9541666671875 0.2375 0.9208333328125 0.240625 0.8763888890624999 0.23515625 0.8513888890624999 0.22890625 0.8541666671874999 0.225 0.8833333328125 0.22421875 0.9083333328125001 0.228125 0.94305555625 0.2359375 0.9583333328125001 0.23984375 0.9541666671875
2 0.0640625 0.43055555625 0.06015625 0.43055555625 0.0578125 0.440277778125 0.0578125 0.46666666718750005 0.06171875 0.46805555625000006 0.0671875 0.4583333328125 0.0640625 0.43055555625
5 0.10703125 0.48333333281249996 0.12421875 0.45694444375 0.128125 0.4361111109375 0.12421875 0.39305555625 0.1015625 0.39305555625 0.0953125 0.3986111109375 0.08046875 0.41805555625 0.07734375 0.44166666718750003 0.0765625 0.46388888906250003 0.0796875 0.48194444374999995 0.08359375 0.4875 0.10703125 0.48333333281249996
2 0.14140625 0.322222221875 0.14140625 0.3333333328125 0.14609375 0.334722221875 0.146875 0.3166666671875 0.14140625 0.322222221875
2 0.17109375 0.30555555624999997 0.16796875 0.30694444375 0.1671875 0.3263888890625 0.171875 0.3291666671875 0.175 0.3166666671875 0.17109375 0.30555555624999997
2 0.92734375 0.5875 0.92734375 0.5583333328125 0.9203125 0.5361111109375 0.91640625 0.5361111109375 0.9109375 0.5486111109375 0.9078125 0.55694444375 0.91015625 0.575 0.915625 0.5833333328125 0.92734375 0.5875
2 0.871875 0.4458333328125 0.8671875 0.4263888890625 0.86328125 0.4263888890625 0.85390625 0.447222221875 0.85703125 0.4611111109375 0.86796875 0.46805555625000006 0.87109375 0.46527777812500004 0.871875 0.4458333328125
2 0.80703125 0.40555555625000006 0.80234375 0.40555555625000006 0.796875 0.41805555625 0.79609375 0.434722221875 0.80859375 0.4388888890625 0.8109375 0.43055555625 0.80703125 0.40555555625000006
2 0.84140625 0.4388888890625 0.8375 0.40416666718750005 0.83359375 0.40416666718750005 0.82734375 0.4236111109375 0.8265625 0.43194444374999996 0.8296875 0.4388888890625 0.8375 0.44305555625000004 0.84140625 0.4388888890625
2 0.70078125 0.372222221875 0.69609375 0.365277778125 0.69296875 0.39027777812500003 0.6953125 0.3958333328125 0.70078125 0.3958333328125 0.70078125 0.372222221875
2 0.759375 0.372222221875 0.75546875 0.377777778125 0.7546875 0.3916666671875 0.7609375 0.397222221875 0.76328125 0.375 0.759375 0.372222221875
2 0.77578125 0.384722221875 0.76640625 0.38333333281250004 0.76328125 0.3888888890625 0.7640625 0.40555555625000006 0.775 0.4138888890625 0.778125 0.40416666718750005 0.77578125 0.384722221875
2 0.7046875 0.34861111093749997 0.70078125 0.352777778125 0.7 0.36944444375 0.70859375 0.36944444375 0.70859375 0.3541666671875 0.7046875 0.34861111093749997
2 0.72421875 0.3763888890625 0.721875 0.34027777812500004 0.71640625 0.3375 0.71328125 0.34861111093749997 0.7140625 0.36805555624999997 0.72109375 0.3791666671875 0.72421875 0.3763888890625
2 0.73984375 0.34444444375 0.7359375 0.35 0.7359375 0.372222221875 0.74375 0.377777778125 0.746875 0.3513888890625 0.73984375 0.34444444375
1 0.77890625 0.372222221875 0.78046875 0.35555555625 0.77734375 0.3458333328125 0.76015625 0.3416666671875 0.75234375 0.3458333328125 0.75078125 0.34861111093749997 0.7625 0.372222221875 0.7703125 0.377777778125 0.77890625 0.372222221875
5 0.2359375 0.2236111109375 0.2328125 0.23055555625 0.22265625 0.23472222187499997 0.2234375 0.2638888890625 0.2375 0.2666666671875 0.2390625 0.24722222187499998 0.2359375 0.2236111109375
5 0.48984526875 0.3715891296875 0.492523421875 0.244567253125 0.448780671875 0.21281178281250002 0.4165178375 0.21666666874999999 0.405930684375 0.30807819062499997 0.43896088750000006 0.377940246875 0.48984526875 0.3715891296875
1 0.38203125 0.21805555625 0.38125 0.23611111093749998 0.3953125 0.23472222187499997 0.3921875 0.20972222187499998 0.38203125 0.21805555625