1 0.478125 0.527777778125 0.47578125 0.49444444374999996 0.46328125 0.4486111109375 0.4453125 0.415277778125 0.4390625 0.41111111093749997 0.4140625 0.415277778125 0.4078125 0.45416666718750004 0.4078125 0.497222221875 0.42265625 0.5388888890625 0.475 0.5333333328125 0.478125 0.527777778125
5 0.809375 0.7083333328125 0.81796875 0.7041666671875 0.825 0.7166666671875 0.8296875 0.7166666671875 0.85546875 0.747222221875 0.86875 0.752777778125 0.87265625 0.765277778125 0.9046875 0.79444444375 0.91484375 0.8111111109375001 0.925 0.8166666671874999 0.95703125 0.85555555625 0.96171875 0.8763888890624999 0.97265625 0.8791666671874999 0.9765625 0.8875 0.9734375 0.8916666671875 0.978125 0.9055555562500001 0.9921875 0.9111111109375001 0.99921875 0.9083333328125001 0.99921875 0.559722221875 0.9359375 0.525 0.90390625 0.525 0.8359375 0.5361111109375 0.8140625 0.547222221875 0.790625 0.5791666671875 0.7921875 0.6763888890625 0.79375 0.6875 0.8 0.6986111109375 0.809375 0.7083333328125
1 0.4953125 0.34861111093749997 0.4828125 0.322222221875 0.4625 0.322222221875 0.45390625 0.3333333328125 0.45390625 0.3583333328125 0.46171875 0.372222221875 0.49375 0.3708333328125 0.4953125 0.34861111093749997
5 0.3041618546875 0.5446564609375 0.3755785671875 0.52560316875 0.371115021875 0.41128346718750003 0.35058269062499997 0.23980394375 0.3015624796875 0.24246031875 0.2925566109375 0.2858493984375 0.3014837 0.3747646890625 0.3041618546875 0.5446564609375
0 0 0.8513888890624999 0.03671875 0.847222221875 0.04453125 0.840277778125 0.053125 0.8208333328125 0.08828125 0.725 0.0828125 0.6569444437499999 0.0765625 0.640277778125 0.04140625 0.64444444375 0.00859375 0.70555555625 0 0.722222221875 0 0.8513888890624999
2 0.20625 0.859722221875 0.19765625 0.8388888890624999 0.18984375 0.85694444375 0.1890625 0.8833333328125 0.19296875 0.9166666671874999 0.21015625 0.9208333328125 0.20625 0.859722221875
2 0.23203125 0.8333333328125001 0.22734375 0.8458333328125001 0.228125 0.8875 0.23671875 0.8888888890625 0.24140625 0.847222221875 0.23203125 0.8333333328125001
2 0.23515625 0.9986111109375001 0.234375 0.959722221875 0.22890625 0.940277778125 0.22421875 0.9375 0.22109375 0.9486111109375001 0.21328125 0.9583333328125001 0.21328125 0.98194444375 0.21640625 0.9888888890624999 0.221875 0.9986111109375001 0.23515625 0.9986111109375001
2 0.2125 0.35 0.2078125 0.3416666671875 0.20390625 0.3513888890625 0.20625 0.36944444375 0.2125 0.3708333328125 0.21484375 0.3638888890625 0.2125 0.35
2 0.078125 0.3916666671875 0.07578125 0.3763888890625 0.06796875 0.36805555624999997 0.06015625 0.375 0.05859375 0.384722221875 0.05703125 0.40416666718750005 0.059375 0.40694444374999994 0.06875 0.40416666718750005 0.078125 0.3916666671875
2 0.10703125 0.36666666718749996 0.1 0.36944444375 0.09921875 0.38194444375000003 0.103125 0.3875 0.1109375 0.38055555625 0.10703125 0.36666666718749996
2 0.12734375 0.3541666671875 0.12265625 0.3458333328125 0.12109375 0.3513888890625 0.12109375 0.3736111109375 0.12578125 0.377777778125 0.12890625 0.372222221875 0.12734375 0.3541666671875
2 0.153125 0.30694444375 0.15 0.302777778125 0.14765625 0.30694444375 0.15 0.3263888890625 0.153125 0.31805555625 0.153125 0.30694444375
2 0.19296875 0.30694444375 0.18828125 0.315277778125 0.18828125 0.325 0.19375 0.3291666671875 0.1953125 0.3125 0.19296875 0.30694444375
2 0.73046875 0.40416666718750005 0.728125 0.3958333328125 0.72421875 0.39444444375 0.71953125 0.40555555625000006 0.71796875 0.427777778125 0.7203125 0.44305555625000004 0.7296875 0.4263888890625 0.73046875 0.40416666718750005
1 0.42578125 0.275 0.428125 0.2625 0.41953125 0.240277778125 0.4046875 0.24444444375000002 0.4015625 0.2513888890625 0.40390625 0.27777777812500004 0.4234375 0.2791666671875 0.42578125 0.275
1 0.7921875 0.43055555625 0.775 0.40277777812500004 0.7515625 0.41111111093749997 0.75234375 0.434722221875 0.77109375 0.45 0.79296875 0.447222221875 0.7921875 0.43055555625
2 0.17734375 0.275 0.1765625 0.290277778125 0.18203125 0.3013888890625 0.184375 0.2888888890625 0.17734375 0.275