5 0.37890625 0.675 0.17421875 0.4921875
1 0.4109375 0.36805555624999997 0.4015625 0.34861111093749997 0.37890625 0.34861111093749997 0.37265625 0.35972222187499997 0.37109375 0.39444444375 0.37890625 0.4125 0.41328125 0.40694444374999994 0.4109375 0.36805555624999997
0 0.090625 0.6736111109375 0.12421875 0.66944444375 0.13046875 0.659722221875 0.146875 0.6111111109375 0.15078125 0.56805555625 0.14765625 0.5166666671875 0.1421875 0.5111111109375 0.1109375 0.5166666671875 0.0765625 0.5958333328125 0.0734375 0.6208333328125 0.078125 0.6347222218749999 0.08203125 0.66944444375 0.090625 0.6736111109375
5 0.52421875 0.30390625 0.096875 0.1953125
5 0.13671875 0.3916666671875 0.14296875 0.3791666671875 0.14609375 0.35694444375 0.13828125 0.33888888906250003 0.12578125 0.34027777812500004 0.10703125 0.352777778125 0.09921875 0.3736111109375 0.09921875 0.4 0.10546875 0.40555555625000006 0.11640625 0.40416666718750005 0.13671875 0.3916666671875
2 0.2359375 0.40694444374999994 0.23203125 0.3986111109375 0.22890625 0.40277777812500004 0.22890625 0.43055555625 0.23203125 0.4361111109375 0.2359375 0.434722221875 0.2359375 0.40694444374999994
2 0.14453125 0.4291666671875 0.14453125 0.4138888890625 0.14296875 0.40416666718750005 0.13828125 0.4 0.13515625 0.41805555625 0.13671875 0.434722221875 0.13984375 0.4361111109375 0.14453125 0.4291666671875
5 0.8796875 0.68515625 0.23984375 0.459375
2 0.84296875 0.4513888890625 0.8390625 0.41805555625 0.82890625 0.43055555625 0.8265625 0.44305555625000004 0.8296875 0.45277777812500003 0.83984375 0.45555555625000005 0.84296875 0.4513888890625
2 0.1625 0.3763888890625 0.15859375 0.3638888890625 0.15546875 0.36666666718749996 0.15546875 0.39027777812500003 0.15859375 0.3958333328125 0.1625 0.39027777812500003 0.1625 0.3763888890625
2 0.18125 0.3513888890625 0.1765625 0.352777778125 0.17734375 0.3791666671875 0.18125 0.38194444375000003 0.184375 0.3611111109375 0.18125 0.3513888890625
1 0.77890625 0.372222221875 0.78203125 0.35694444375 0.7796875 0.34305555625 0.7734375 0.33888888906250003 0.7546875 0.3375 0.74609375 0.34444444375 0.74453125 0.35694444375 0.746875 0.365277778125 0.76875 0.3763888890625 0.77890625 0.372222221875
1 0.44375 0.2916666671875 0.43671875 0.26944444375 0.41953125 0.26805555625 0.41484375 0.27777777812500004 0.415625 0.309722221875 0.42109375 0.315277778125 0.44296875 0.3125 0.44375 0.2916666671875
2 0.2078125 0.915277778125 0.2078125 0.8916666671875 0.196875 0.8513888890624999 0.1921875 0.8444444437499999 0.18671875 0.85694444375 0.1828125 0.8875 0.1890625 0.9111111109375001 0.19921875 0.91944444375 0.2078125 0.915277778125
2 0.21953125 0.9055555562500001 0.22421875 0.9069444437499999 0.22890625 0.91944444375 0.23203125 0.915277778125 0.221875 0.85694444375 0.221875 0.8416666671874999 0.215625 0.825 0.20859375 0.83194444375 0.20546875 0.847222221875 0.2078125 0.890277778125 0.21640625 0.9125 0.21953125 0.9055555562500001