1 0.45390625 0.5125 0.45 0.45694444375 0.43671875 0.4263888890625 0.42578125 0.42222222187499997 0.40703125 0.425 0.4 0.45416666718750004 0.4 0.4888888890625 0.41171875 0.5236111109375 0.4484375 0.51944444375 0.45390625 0.5125
1 0.3671875 0.3361111109375 0.384375 0.34027777812500004 0.3859375 0.3138888890625 0.37890625 0.28611111093749997 0.37265625 0.28055555625 0.35703125 0.2833333328125 0.353125 0.30555555624999997 0.353125 0.3236111109375 0.35703125 0.34027777812500004 0.3671875 0.3361111109375
1 0.6796875 0.7611111109375 0.6859375 0.7763888890625 0.7109375 0.8055555562500001 0.7125 0.8138888890624999 0.7203125 0.8236111109375001 0.72578125 0.8444444437499999 0.73125 0.8430555562500001 0.73515625 0.85694444375 0.74296875 0.8666666671875 0.75546875 0.8638888890624999 0.76640625 0.86944444375 0.7875 0.86944444375 0.8234375 0.85694444375 0.84296875 0.8388888890624999 0.84609375 0.7888888890625 0.84140625 0.765277778125 0.80703125 0.7208333328125 0.790625 0.684722221875 0.7640625 0.6541666671875 0.7453125 0.6458333328125 0.6890625 0.647222221875 0.66328125 0.6611111109375 0.6578125 0.6791666671875001 0.6578125 0.7402777781250001 0.6625 0.7597222218749999 0.66953125 0.7666666671875 0.6796875 0.7611111109375
1 0.53984375 0.48472222187499997 0.556640625 0.48194444374999995 0.56796875 0.4861111109375 0.57265625 0.48055555625 0.57109375 0.440277778125 0.56328125 0.43194444374999996 0.56484375 0.425 0.56171875 0.4138888890625 0.546875 0.4 0.5171875 0.40138888906250003 0.50390625 0.415277778125 0.50078125 0.425 0.50078125 0.46666666718750005 0.5140625 0.477777778125 0.52109375 0.497222221875 0.53984375 0.48472222187499997
2 0.79453125 0.3916666671875 0.78828125 0.40416666718750005 0.78828125 0.42083333281249996 0.7984375 0.427777778125 0.8015625 0.397222221875 0.79453125 0.3916666671875
2 0.8828125 0.5 0.88359375 0.4861111109375 0.878125 0.4625 0.875 0.4625 0.865625 0.48194444374999995 0.86484375 0.490277778125 0.86796875 0.49583333281249997 0.87421875 0.5013888890625 0.8828125 0.5
2 0.9625 0.5111111109375 0.9578125 0.49305555625 0.9546875 0.490277778125 0.94375 0.5097222218749999 0.94296875 0.525 0.95625 0.5333333328125 0.9625 0.5305555562500001 0.9625 0.5111111109375
1 0.7796875 0.36805555624999997 0.7796875 0.34861111093749997 0.77578125 0.34305555625 0.75078125 0.34027777812500004 0.74609375 0.3458333328125 0.74453125 0.3583333328125 0.74921875 0.36805555624999997 0.77109375 0.3763888890625 0.7796875 0.36805555624999997
1 0.365625 0.2208333328125 0.34921875 0.2208333328125 0.346875 0.23194444375 0.34921875 0.2708333328125 0.36953125 0.26805555625 0.36953125 0.24305555625 0.365625 0.2208333328125
5 0.5497963453125 0.3954552140625 0.5669810078124999 0.421388875 0.5716676984375 0.44454390625 0.6310328890625 0.52327100625 0.6648814359374999 0.5371640234374999 0.729454015625 0.5353116140624999 0.732578528125 0.3213591359375 0.606557721875 0.251894046875 0.5524000796874999 0.259303684375 0.5440681374999999 0.30839230624999997 0.5307291546874999 0.29884259375 0.5294872093749999 0.3667429921875 0.533132421875 0.3991600328125 0.5497963453125 0.3954552140625
2 0.12890625 0.40833333281249995 0.12421875 0.4 0.1203125 0.40694444374999994 0.1203125 0.4291666671875 0.125 0.434722221875 0.12890625 0.427777778125 0.12890625 0.40833333281249995
2 0.1109375 0.35555555625 0.10625 0.3638888890625 0.1078125 0.38055555625 0.1140625 0.38055555625 0.11328125 0.35972222187499997 0.1109375 0.35555555625
2 0.1453125 0.34722222187499996 0.140625 0.35 0.13984375 0.372222221875 0.14609375 0.3763888890625 0.14765625 0.352777778125 0.1453125 0.34722222187499996
2 0.028125 0.5 0.02109375 0.48472222187499997 0.01796875 0.4888888890625 0.0171875 0.522222221875 0.02265625 0.525 0.02890625 0.5138888890625 0.028125 0.5
2 0.15 0.32777777812500003 0.146875 0.33055555625 0.14609375 0.34444444375 0.15078125 0.3541666671875 0.15390625 0.3416666671875 0.15 0.32777777812500003
2 0.16953125 0.29444444375 0.16640625 0.290277778125 0.16328125 0.29444444375 0.16328125 0.3083333328125 0.16640625 0.3138888890625 0.16953125 0.309722221875 0.16953125 0.29444444375