1 0.1546875 0.372222221875 0.15078125 0.3541666671875 0.14140625 0.352777778125 0.12890625 0.35972222187499997 0.1203125 0.375 0.11875 0.3875 0.12265625 0.3986111109375 0.15078125 0.3861111109375 0.1546875 0.372222221875
0 0 0.79444444375 0.034375 0.727777778125 0.05234375 0.6763888890625 0.0484375 0.622222221875 0.04140625 0.5944444437499999 0.02890625 0.590277778125 0.00625 0.5930555562500001 0 0.5958333328125 0 0.79444444375
5 0.20546875 0.35555555625 0.2078125 0.3375 0.203125 0.3083333328125 0.184375 0.309722221875 0.175 0.32083333281250004 0.17109375 0.35694444375 0.17734375 0.372222221875 0.19375 0.3708333328125 0.20546875 0.35555555625
5 0.2359375 0.222222221875 0.2328125 0.22916666718749998 0.2234375 0.23333333281250002 0.2234375 0.2638888890625 0.23828125 0.2666666671875 0.240625 0.25 0.2359375 0.222222221875
5 0.50625 0.3611111109375 0.52890625 0.39305555625 0.56484375 0.39027777812500003 0.57890625 0.372222221875 0.58203125 0.3625 0.58125 0.2986111109375 0.54453125 0.275 0.50703125 0.2791666671875 0.50234375 0.29444444375 0.50625 0.302777778125 0.503125 0.315277778125 0.50625 0.3611111109375
5 0.465625 0.30555555624999997 0.48828125 0.30694444375 0.49296875 0.2708333328125 0.490625 0.20138888906250002 0.4515625 0.18194444375000002 0.43828125 0.18194444375000002 0.434375 0.190277778125 0.43046875 0.22916666718749998 0.43359375 0.27777777812500004 0.453125 0.2833333328125 0.465625 0.30555555624999997
5 0.3140625 0.35694444375 0.326953125 0.35694444375 0.33671875 0.365277778125 0.34140625 0.3625 0.34375 0.3083333328125 0.340625 0.2666666671875 0.33671875 0.25694444375000003 0.32734375 0.252777778125 0.30703125 0.25694444375000003 0.30078125 0.2611111109375 0.2984375 0.2708333328125 0.29765625 0.29444444375 0.303125 0.3625 0.30703125 0.36666666718749996 0.3140625 0.35694444375
5 0.578223465625 0.5827629890625 0.6014339515625 0.6351595609375 0.6300006109375 0.69390713125 0.6603526578125 0.7177237328125 0.6978465421875 0.7701202453125 0.684455909375 0.805051334375 0.805864240625 0.979706415625 0.93352164375 0.9384243296875001 0.9379851875 0.78123473125 0.8692466281250001 0.75741813125 0.8826372625 0.5176643000000001 0.727305828125 0.39858129062500003 0.6478547890625 0.37000138125 0.5738839078125 0.389285715625 0.558583896875 0.4033445984375 0.5594765921875 0.55100751875 0.578223465625 0.5827629890625
2 0.81796875 0.41944444374999995 0.8140625 0.41805555625 0.80859375 0.4263888890625 0.81015625 0.440277778125 0.821875 0.44305555625000004 0.8234375 0.43194444374999996 0.81796875 0.41944444374999995
2 0.81484375 0.384722221875 0.809375 0.39444444375 0.81015625 0.41805555625 0.8171875 0.41111111093749997 0.81796875 0.39444444375 0.81484375 0.384722221875
5 0.3748076453125 0.5375113359375 0.43388871093750003 0.54357376875 0.44809089843749994 0.52134493125 0.43900150625 0.3808991359375 0.4350249125 0.3071398484375 0.40775669531250003 0.2535885875 0.3623579421875 0.2616161625 0.358901178125 0.2697550125 0.3600373359375 0.40716959375000006 0.3748076453125 0.5375113359375