2 0.84140625 0.477777778125 0.83671875 0.4763888890625 0.83125 0.49444444374999996 0.83125 0.5125 0.8453125 0.5208333328125 0.8453125 0.490277778125 0.84140625 0.477777778125
2 0.89296875 0.534722221875 0.89609375 0.5263888890625 0.89296875 0.5 0.88828125 0.4861111109375 0.88359375 0.4861111109375 0.87734375 0.5083333328124999 0.878125 0.5208333328125 0.88125 0.527777778125 0.89296875 0.534722221875
2 0.89296875 0.44305555625000004 0.88828125 0.44444444375 0.88046875 0.459722221875 0.88125 0.475 0.89609375 0.48194444374999995 0.89765625 0.4625 0.89296875 0.44305555625000004
2 0.17734375 0.7986111109375 0.18203125 0.7611111109375 0.1734375 0.715277778125 0.16953125 0.715277778125 0.165625 0.734722221875 0.16484375 0.75555555625 0.16875 0.7805555562500001 0.1734375 0.7986111109375 0.17734375 0.7986111109375
2 0.16953125 0.984722221875 0.1640625 0.952777778125 0.1640625 0.93194444375 0.15390625 0.909722221875 0.1484375 0.9125 0.14375 0.9305555562500001 0.14765625 0.9986111109375001 0.16640625 0.9986111109375001 0.16953125 0.984722221875
2 0.02890625 0.8847222218749999 0.0296875 0.8680555562500001 0.02265625 0.8291666671875 0.0171875 0.8291666671875 0.0078125 0.8486111109375001 0.0078125 0.9013888890624999 0.0140625 0.9083333328125001 0.02421875 0.8875 0.02890625 0.8847222218749999
2 0.02109375 0.7763888890625 0.0125 0.7666666671875 0.00859375 0.7819444437499999 0.01171875 0.8236111109375001 0.025 0.827777778125 0.02890625 0.8208333328125 0.02109375 0.7763888890625
2 0.1921875 0.5208333328125 0.18515625 0.49444444374999996 0.1828125 0.4986111109375 0.18125 0.5236111109375 0.18515625 0.540277778125 0.1921875 0.5319444437499999 0.1921875 0.5208333328125
2 0.2203125 0.5236111109375 0.22421875 0.5138888890625 0.221875 0.4875 0.21875 0.477777778125 0.2109375 0.477777778125 0.20859375 0.48194444374999995 0.21015625 0.50555555625 0.21640625 0.522222221875 0.2203125 0.5236111109375
2 0.04765625 0.54305555625 0.04921875 0.5319444437499999 0.04375 0.5083333328124999 0.040625 0.502777778125 0.03671875 0.5083333328124999 0.03515625 0.5361111109375 0.03671875 0.55 0.040625 0.5527777781250001 0.04765625 0.54305555625
0 0.1140625 0.6972222218749999 0.1265625 0.652777778125 0.1359375 0.6333333328124999 0.14140625 0.5986111109375 0.13515625 0.5333333328125 0.11953125 0.5305555562500001 0.0984375 0.5361111109375 0.065625 0.6083333328125 0.06015625 0.6333333328124999 0.059375 0.652777778125 0.06796875 0.7013888890625 0.109375 0.7013888890625 0.1140625 0.6972222218749999
2 0.07421875 0.5763888890625 0.07265625 0.559722221875 0.06796875 0.5416666671875 0.0640625 0.5416666671875 0.0625 0.5486111109375 0.06015625 0.5638888890625 0.06328125 0.5875 0.06953125 0.5930555562500001 0.07421875 0.5763888890625
2 0.0953125 0.5305555562500001 0.0953125 0.51805555625 0.09140625 0.497222221875 0.0875 0.49583333281249997 0.0859375 0.5013888890625 0.084375 0.5166666671875 0.08671875 0.5416666671875 0.0890625 0.54305555625 0.0953125 0.5305555562500001
2 0.06953125 0.47222222187499996 0.06484375 0.447222221875 0.06015625 0.4513888890625 0.05859375 0.4875 0.06171875 0.490277778125 0.06796875 0.48472222187499997 0.06953125 0.47222222187499996
2 0.14921875 0.35694444375 0.14609375 0.35 0.14296875 0.3541666671875 0.14296875 0.3763888890625 0.146875 0.38055555625 0.15 0.3736111109375 0.14921875 0.35694444375
1 0.46484375 0.34861111093749997 0.46953125 0.34027777812500004 0.46796875 0.3138888890625 0.459375 0.2916666671875 0.4390625 0.290277778125 0.43046875 0.3013888890625 0.43125 0.3333333328125 0.4390625 0.34722222187499996 0.45546875 0.34305555625 0.46484375 0.34861111093749997
1 0.43125 0.28611111093749997 0.43203125 0.26944444375 0.428125 0.24305555625 0.4078125 0.2416666671875 0.403125 0.24722222187499998 0.40390625 0.2791666671875 0.4078125 0.290277778125 0.42890625 0.290277778125 0.43125 0.28611111093749997
5 0.68203125 0.43203125 0.26484375 0.37109375