5 0.34375 0.7638888890625 0.446875 0.70555555625 0.44375 0.5888888890625 0.4171875 0.48333333281249996 0.3921875 0.43055555625 0.30625 0.44166666718750003 0.3078125 0.6083333328125 0.33125 0.7111111109375 0.34375 0.7638888890625
0 0 0.9236111109375 0.01875 0.9125 0.03046875 0.8763888890624999 0.03671875 0.86944444375 0.03984375 0.85 0.0453125 0.8430555562500001 0.06484375 0.777777778125 0.08359375 0.7291666671875 0.08671875 0.7 0.08359375 0.6319444437499999 0.078125 0.602777778125 0.0328125 0.60694444375 0.00703125 0.64444444375 0 0.6611111109375 0 0.9236111109375
1 0.18671875 0.8611111109375 0.19140625 0.8055555562500001 0.18515625 0.7569444437499999 0.16875 0.7541666671875 0.153125 0.7611111109375 0.14375 0.8083333328125001 0.1421875 0.85694444375 0.14609375 0.86944444375 0.17890625 0.8666666671875 0.18671875 0.8611111109375
5 0.22421875 0.8 0.0515625 0.171875
1 0.228125 0.590277778125 0.228125 0.56805555625 0.22421875 0.5416666671875 0.20078125 0.54444444375 0.1921875 0.56805555625 0.190625 0.6013888890625 0.19296875 0.6083333328125 0.225 0.602777778125 0.228125 0.590277778125
2 0.02890625 0.48194444374999995 0.025 0.475 0.01953125 0.48055555625 0.01796875 0.5 0.0203125 0.515277778125 0.02890625 0.5138888890625 0.02890625 0.48194444374999995
2 0.04765625 0.45694444375 0.040625 0.4458333328125 0.03828125 0.45416666718750004 0.03984375 0.48333333281249996 0.04453125 0.4875 0.04921875 0.48194444374999995 0.04765625 0.45694444375
1 0.1078125 0.39444444375 0.103125 0.3763888890625 0.0875 0.3791666671875 0.07734375 0.3861111109375 0.0625 0.40833333281249995 0.0640625 0.4236111109375 0.0703125 0.427777778125 0.103125 0.41111111093749997 0.1078125 0.39444444375
1 0.03046875 0.5958333328125 0.0296875 0.55694444375 0.02109375 0.540277778125 0.0125 0.5666666671875 0.01328125 0.625 0.0171875 0.625 0.02578125 0.6125 0.03046875 0.5958333328125
2 0.21484375 0.4861111109375 0.2125 0.477777778125 0.20859375 0.4763888890625 0.20625 0.4875 0.20859375 0.51805555625 0.2125 0.5208333328125 0.21640625 0.5166666671875 0.21484375 0.4861111109375
2 0.1375 0.415277778125 0.1421875 0.3875 0.134375 0.38333333281250004 0.13046875 0.3916666671875 0.13046875 0.40138888906250003 0.13359375 0.415277778125 0.1375 0.415277778125
2 0.2359375 0.4125 0.23046875 0.40277777812500004 0.22421875 0.40416666718750005 0.2234375 0.4125 0.22890625 0.43333333281249997 0.23359375 0.434722221875 0.2359375 0.4125
5 0.35 0.3236111109375 0.35234375 0.309722221875 0.34609375 0.25833333281250004 0.34140625 0.24305555625 0.31015625 0.2416666671875 0.30625 0.252777778125 0.30703125 0.3138888890625 0.31015625 0.3236111109375 0.34453125 0.3291666671875 0.35 0.3236111109375
2 0.98515625 0.6347222218749999 0.9859375 0.6111111109375 0.978125 0.5944444437499999 0.97421875 0.5916666671875 0.9703125 0.597222221875 0.96953125 0.6083333328125 0.975 0.6333333328124999 0.978125 0.6388888890625 0.98515625 0.6347222218749999