0 0.1984375 0.7958333328125 0.20234375 0.7333333328125 0.196875 0.6513888890625 0.19296875 0.6416666671875 0.16015625 0.6458333328125 0.14921875 0.6541666671875 0.11875 0.8013888890624999 0.11796875 0.8222222218749999 0.134375 0.8861111109375001 0.18515625 0.8847222218749999 0.1984375 0.7958333328125
1 0.91171875 0.46805555625000006 0.89609375 0.45416666718750004 0.8765625 0.4513888890625 0.85703125 0.46527777812500004 0.8578125 0.48333333281249996 0.884375 0.502777778125 0.91328125 0.497222221875 0.91171875 0.46805555625000006
5 0.4328125 0.315277778125 0.4390625 0.352777778125 0.44296875 0.35972222187499997 0.4625 0.3541666671875 0.478125 0.35694444375 0.48046875 0.35 0.47890625 0.2236111109375 0.45234375 0.20555555625 0.43828125 0.20416666718749998 0.415625 0.20555555625 0.41015625 0.21944444375 0.41015625 0.27777777812500004 0.41953125 0.302777778125 0.42421875 0.302777778125 0.4328125 0.315277778125
5 0.4953125 0.3236111109375 0.5171875 0.3263888890625 0.521875 0.29305555625 0.52109375 0.21944444375 0.48984375 0.2 0.45546875 0.20277777812500003 0.4546875 0.20833333281250002 0.478125 0.2208333328125 0.48203125 0.3291666671875 0.4953125 0.3236111109375
2 0.21171875 0.9986111109375001 0.21875 0.9986111109375001 0.2203125 0.984722221875 0.228125 0.975 0.221875 0.9486111109375001 0.22109375 0.9236111109375 0.21015625 0.9055555562500001 0.20390625 0.922222221875 0.20625 0.95 0.2046875 0.98194444375 0.2078125 0.9833333328125 0.21171875 0.9986111109375001
2 0.23515625 0.79305555625 0.228125 0.7666666671875 0.22421875 0.777777778125 0.221875 0.809722221875 0.22890625 0.8486111109375001 0.234375 0.840277778125 0.23515625 0.79305555625
2 0.76875 0.447222221875 0.765625 0.41944444374999995 0.76328125 0.4138888890625 0.759375 0.42083333281249996 0.75703125 0.43333333281249997 0.75859375 0.4486111109375 0.765625 0.4513888890625 0.76875 0.447222221875
2 0.81796875 0.40138888906250003 0.8140625 0.40138888906250003 0.80859375 0.415277778125 0.809375 0.427777778125 0.821875 0.4291666671875 0.82265625 0.415277778125 0.81796875 0.40138888906250003
2 0.20703125 0.49305555625 0.203125 0.48333333281249996 0.1984375 0.4861111109375 0.2 0.51805555625 0.20234375 0.525 0.2078125 0.5263888890625 0.20703125 0.49305555625
2 0.10546875 0.415277778125 0.09921875 0.3916666671875 0.09453125 0.4 0.0953125 0.4291666671875 0.09921875 0.43055555625 0.10390625 0.4263888890625 0.10546875 0.415277778125
2 0.11015625 0.377777778125 0.10625 0.384722221875 0.1078125 0.40833333281249995 0.1140625 0.40833333281249995 0.1140625 0.38333333281250004 0.11015625 0.377777778125
2 0.1578125 0.322222221875 0.15546875 0.3291666671875 0.15625 0.34861111093749997 0.1609375 0.35 0.16171875 0.3263888890625 0.1578125 0.322222221875
2 0.1625 0.29722222187499997 0.159375 0.2986111109375 0.15703125 0.3111111109375 0.16171875 0.32083333281250004 0.165625 0.309722221875 0.1625 0.29722222187499997
2 0.91171875 0.5069444437499999 0.90234375 0.5013888890625 0.8953125 0.5083333328124999 0.89609375 0.5305555562500001 0.91328125 0.540277778125 0.91875 0.5361111109375 0.91171875 0.5069444437499999
2 0.9953125 0.522222221875 0.9859375 0.497222221875 0.9703125 0.51805555625 0.9703125 0.5305555562500001 0.98203125 0.5388888890625 0.99375 0.5291666671875 0.9953125 0.522222221875
2 0.9859375 0.5458333328125 0.98828125 0.5583333328125 0.99921875 0.5638888890625 0.99921875 0.525 0.9859375 0.5458333328125
5 0.3046875 0.49007936562500004 0.3136160703125 0.5833333328125 0.3582589296875 0.5793650796875001 0.3984375 0.5694444437499999 0.39285714375 0.48214285625000003 0.40290178593750003 0.48015873124999997 0.3973214296875 0.424603175 0.38058035625 0.390873015625 0.3660714296875 0.4007936515625 0.36272321406249997 0.299603175 0.34821428593750003 0.2638888890625 0.29910714375 0.2757936515625 0.30691964375 0.43253968125000003 0.296875 0.450396825 0.3046875 0.49007936562500004