1 0.1859375 0.859722221875 0.1890625 0.8013888890624999 0.18515625 0.7875 0.18515625 0.7583333328124999 0.18125 0.7541666671875 0.153125 0.7583333328124999 0.1484375 0.76944444375 0.14296875 0.80694444375 0.140625 0.85694444375 0.14609375 0.86944444375 0.18046875 0.8652777781250001 0.1859375 0.859722221875
0 0 0.9277777781250001 0.01328125 0.9236111109375 0.02578125 0.8958333328125001 0.075 0.75 0.08359375 0.7208333328125 0.0859375 0.6986111109375 0.08359375 0.6458333328125 0.0765625 0.6013888890625 0.03046875 0.60694444375 0.0046875 0.6458333328125 0 0.6569444437499999 0 0.9277777781250001
1 0.2125 0.6583333328125 0.21875 0.647222221875 0.2203125 0.6291666671875 0.2171875 0.5875 0.19296875 0.5888888890625 0.18671875 0.6 0.18046875 0.6180555562500001 0.18046875 0.65 0.18359375 0.659722221875 0.2125 0.6583333328125
1 0.2140625 0.6569444437499999 0.21953125 0.6458333328125 0.2203125 0.6319444437499999 0.2171875 0.5875 0.19296875 0.5888888890625 0.18671875 0.6 0.18046875 0.61944444375 0.1828125 0.6583333328125 0.18515625 0.6625 0.2140625 0.6569444437499999
2 0.2140625 0.6569444437499999 0.21953125 0.6458333328125 0.2203125 0.6333333328124999 0.2171875 0.5861111109375 0.19609375 0.5875 0.18671875 0.597222221875 0.18046875 0.6180555562500001 0.1828125 0.6583333328125 0.18515625 0.6625 0.2140625 0.6569444437499999
2 0.02109375 0.525 0.02109375 0.502777778125 0.0171875 0.4861111109375 0.0125 0.48472222187499997 0.00390625 0.49444444374999996 0.003125 0.4986111109375 0.0125 0.5138888890625 0.01328125 0.5291666671875 0.02109375 0.525
1 0.059375 0.41805555625 0.05234375 0.4 0.040625 0.4 0.02109375 0.41111111093749997 0.0109375 0.427777778125 0.009375 0.447222221875 0.01875 0.4486111109375 0.0546875 0.434722221875 0.059375 0.41805555625
5 0.31015625 0.415277778125 0.33125 0.4125 0.34140625 0.425 0.35859375 0.41805555625 0.3609375 0.40555555625000006 0.3609375 0.384722221875 0.3578125 0.377777778125 0.359375 0.3291666671875 0.353125 0.2958333328125 0.3375 0.28055555625 0.32890625 0.28194444375 0.30625 0.2888888890625 0.3015625 0.3083333328125 0.2984375 0.33055555625 0.30078125 0.384722221875 0.30625 0.41111111093749997 0.31015625 0.415277778125
5 0.30703125 0.2875 0.325 0.28194444375 0.330729165625 0.2736111109375 0.3375 0.275 0.33671875 0.23472222187499997 0.32734375 0.225 0.3265625 0.20416666718749998 0.30625 0.20416666718749998 0.309375 0.2166666671875 0.3015625 0.24444444375000002 0.303125 0.28194444375 0.30703125 0.2875
5 0.998046875 0.9791666671874999 1 0.8958333328125001 0.994140625 0.5416666671875 1 0.4583333328125 0.767578125 0.3298611109375 0.6953125 0.33680555624999997 0.681640625 0.38194444375000003 0.640625 0.3854166671875 0.626953125 0.4895833328125 0.640625 0.5486111109375 0.998046875 0.9791666671874999
5 0.236979165625 0.7754629625 0.229166665625 0.722222221875 0.201822915625 0.7245370375 0.20703125 0.8703703703125001 0.239583334375 0.8541666671874999 0.236979165625 0.7754629625
1 0.38671875 0.3125 0.3890625 0.29722222187499997 0.378125 0.26805555625 0.3609375 0.26944444375 0.3578125 0.28194444375 0.35703125 0.2986111109375 0.36484375 0.315277778125 0.384375 0.3166666671875 0.38671875 0.3125
2 0.090625 0.425 0.08515625 0.41805555625 0.07734375 0.425 0.0796875 0.45 0.0859375 0.45 0.08984375 0.44166666718750003 0.090625 0.425
2 0.1078125 0.43055555625 0.10390625 0.4263888890625 0.0984375 0.43055555625 0.1 0.45277777812500003 0.103125 0.4583333328125 0.10703125 0.45555555625000005 0.1078125 0.43055555625
2 0.10859375 0.40972222187499996 0.10703125 0.40138888906250003 0.10078125 0.40277777812500004 0.09921875 0.415277778125 0.10546875 0.427777778125 0.10859375 0.42222222187499997 0.10859375 0.40972222187499996
2 0.1453125 0.3736111109375 0.14140625 0.36944444375 0.13828125 0.3763888890625 0.1375 0.3916666671875 0.140625 0.4 0.14453125 0.4 0.1453125 0.3736111109375