1 0.5 0.5875 0.5015625 0.5555555562500001 0.49453125 0.50555555625 0.47578125 0.4611111109375 0.465625 0.45 0.4390625 0.4513888890625 0.43125 0.4583333328125 0.42734375 0.4763888890625 0.42734375 0.540277778125 0.4359375 0.5583333328125 0.44296875 0.5944444437499999 0.5 0.5875
2 0.0609375 0.45277777812500003 0.05546875 0.45416666718750004 0.05390625 0.490277778125 0.0578125 0.4916666671875 0.0671875 0.477777778125 0.0609375 0.45277777812500003
1 0.103125 0.397222221875 0.096875 0.38194444375000003 0.08359375 0.38333333281250004 0.07109375 0.3916666671875 0.05546875 0.4125 0.05703125 0.4291666671875 0.06875 0.43055555625 0.09921875 0.415277778125 0.103125 0.397222221875
0 0.134375 0.8861111109375001 0.16484375 0.8819444437499999 0.17890625 0.8486111109375001 0.190625 0.8430555562500001 0.19921875 0.7861111109375 0.2015625 0.727777778125 0.19453125 0.64444444375 0.16328125 0.64444444375 0.1484375 0.6541666671875 0.11875 0.8027777781250001 0.11796875 0.8208333328125 0.1265625 0.834722221875 0.13046875 0.8791666671874999 0.134375 0.8861111109375001
5 0.42734375 0.175 0.4046875 0.172222221875 0.4 0.18055555625 0.4 0.23194444375 0.40703125 0.2388888890625 0.4265625 0.2375 0.42734375 0.175
1 0.7796875 0.36805555624999997 0.77890625 0.34861111093749997 0.775 0.3416666671875 0.753125 0.34027777812500004 0.746875 0.34861111093749997 0.746875 0.3638888890625 0.76015625 0.3736111109375 0.77421875 0.3763888890625 0.7796875 0.36805555624999997
1 0.225 0.309722221875 0.22578125 0.2986111109375 0.221875 0.28611111093749997 0.20859375 0.2888888890625 0.20546875 0.2986111109375 0.2046875 0.3138888890625 0.2078125 0.31944444375000003 0.21875 0.31805555625 0.225 0.309722221875
2 0.184375 0.9083333328125001 0.1890625 0.88055555625 0.1859375 0.8611111109375 0.17734375 0.8583333328125 0.16875 0.88055555625 0.16640625 0.934722221875 0.1703125 0.9416666671874999 0.17421875 0.9388888890624999 0.184375 0.9083333328125001
2 0.2125 0.9333333328125001 0.2140625 0.922222221875 0.2125 0.8875 0.209375 0.8763888890624999 0.2015625 0.8611111109375 0.19765625 0.872222221875 0.19453125 0.909722221875 0.20078125 0.952777778125 0.20859375 0.9333333328125001 0.2125 0.9333333328125001
5 0.286458334375 0.6388888890625 0.296875 0.634259259375 0.299479165625 0.722222221875 0.4075520828125 0.7106481484375 0.4140625 0.6041666671875 0.4088541671875 0.54398148125 0.4010416671875 0.5416666671875 0.389322915625 0.497685184375 0.369791665625 0.497685184375 0.350260415625 0.40509259374999995 0.299479165625 0.41203703750000004 0.295572915625 0.597222221875 0.282552084375 0.59490740625 0.286458334375 0.6388888890625
5 0.358072915625 0.384259259375 0.354166665625 0.3009259265625 0.342447915625 0.2870370375 0.338541665625 0.22453703749999998 0.305989584375 0.22685185156249998 0.298177084375 0.240740740625 0.299479165625 0.384259259375 0.358072915625 0.384259259375
5 0.2359375 0.2236111109375 0.22421875 0.22916666718749998 0.2234375 0.2638888890625 0.23828125 0.2666666671875 0.23984375 0.2513888890625 0.2359375 0.2236111109375
2 0.2296875 0.8222222218749999 0.22890625 0.8055555562500001 0.2171875 0.772222221875 0.2109375 0.790277778125 0.2125 0.8361111109375001 0.21796875 0.85 0.22421875 0.85555555625 0.2296875 0.8222222218749999
2 0.896875 0.50555555625 0.8921875 0.49305555625 0.88828125 0.49305555625 0.8828125 0.5083333328124999 0.88359375 0.5291666671875 0.89453125 0.5361111109375 0.9 0.5333333328125 0.896875 0.50555555625