5 0.45078125 0.375 0.4546875 0.36944444375 0.465625 0.36805555624999997 0.4859375 0.3708333328125 0.48828125 0.3611111109375 0.4953125 0.35555555625 0.4953125 0.29722222187499997 0.4921875 0.27777777812500004 0.4703125 0.2611111109375 0.44296875 0.2611111109375 0.43671875 0.2736111109375 0.43515625 0.315277778125 0.4390625 0.35694444375 0.44296875 0.35694444375 0.45078125 0.375
5 0.493303571875 0.27777777812500004 0.49665178593750003 0.31746031874999997 0.5111607140625 0.3293650796875 0.5055803578125 0.2142857140625 0.48214285781250005 0.20238095312499998 0.444196428125 0.20634920625 0.44308035781250005 0.259920634375 0.47433035781250005 0.25595238125 0.493303571875 0.27777777812500004
5 0.34051339375 0.7676190468749999 0.4510044640625 0.7497619046875 0.4353794640625 0.5573015875 0.4208705359375 0.529523809375 0.40625 0.45238095312500004 0.3816964296875 0.46428571406249997 0.37723214375 0.4007936515625 0.30691964375 0.41071428593750003 0.3003348203125 0.58904761875 0.30926339375 0.759682540625 0.34051339375 0.7676190468749999
1 0.2046875 0.4875 0.2015625 0.47083333281249995 0.196875 0.46388888906250003 0.19296875 0.46805555625000006 0.19296875 0.5 0.20234375 0.5083333328124999 0.2046875 0.50555555625 0.2046875 0.4875
2 0.2046875 0.4861111109375 0.2015625 0.46944444374999994 0.19765625 0.46388888906250003 0.19296875 0.46805555625000006 0.19296875 0.5 0.20234375 0.5083333328124999 0.2046875 0.50555555625 0.2046875 0.4861111109375
2 0.796875 0.43194444374999996 0.79453125 0.425 0.7890625 0.43055555625 0.78671875 0.4583333328125 0.7984375 0.46527777812500004 0.80078125 0.45416666718750004 0.796875 0.43194444374999996
2 0.84453125 0.415277778125 0.84140625 0.41111111093749997 0.8359375 0.4166666671875 0.83125 0.43194444374999996 0.83046875 0.4583333328125 0.8453125 0.46666666718750005 0.84765625 0.4388888890625 0.84453125 0.415277778125
2 0.95078125 0.49305555625 0.946875 0.48333333281249996 0.93984375 0.48472222187499997 0.93046875 0.5013888890625 0.93125 0.515277778125 0.94609375 0.525 0.94921875 0.522222221875 0.95078125 0.49305555625
2 0.9921875 0.5166666671875 0.97734375 0.5388888890625 0.978125 0.5513888890625 0.99921875 0.5611111109375 0.99921875 0.51944444375 0.9921875 0.5166666671875
2 0.8796875 0.4513888890625 0.8765625 0.43055555625 0.87265625 0.4236111109375 0.86328125 0.44305555625000004 0.85703125 0.4625 0.8578125 0.477777778125 0.87265625 0.48472222187499997 0.8796875 0.4513888890625
2 0.9 0.4611111109375 0.89609375 0.447222221875 0.8875 0.4513888890625 0.884375 0.4625 0.88359375 0.47361111093749997 0.8875 0.48055555625 0.89921875 0.48194444374999995 0.9 0.4611111109375
1 0.37265625 0.25555555625 0.36796875 0.24583333281250003 0.35546875 0.24444444375000002 0.35078125 0.252777778125 0.35 0.28194444375 0.35234375 0.28611111093749997 0.3734375 0.2833333328125 0.37265625 0.25555555625
1 0.42578125 0.2708333328125 0.425 0.25833333281250004 0.4203125 0.252777778125 0.41015625 0.252777778125 0.40390625 0.259722221875 0.40390625 0.2833333328125 0.40703125 0.2875 0.41796875 0.28611111093749997 0.42578125 0.2708333328125
1 0.43515625 0.2736111109375 0.421875 0.275 0.4171875 0.290277778125 0.41640625 0.3 0.42265625 0.3138888890625 0.43515625 0.309722221875 0.43515625 0.2736111109375
2 0.040625 0.40555555625000006 0.0359375 0.40277777812500004 0.03359375 0.40694444374999994 0.03359375 0.43194444374999996 0.04375 0.43055555625 0.0453125 0.41944444374999995 0.040625 0.40555555625000006
2 0.14453125 0.35555555625 0.1421875 0.35 0.1390625 0.35555555625 0.1390625 0.3763888890625 0.14375 0.3791666671875 0.14609375 0.3763888890625 0.14453125 0.35555555625
2 0.18046875 0.2791666671875 0.178125 0.275 0.175 0.27777777812500004 0.17421875 0.290277778125 0.178125 0.29722222187499997 0.18125 0.29305555625 0.18046875 0.2791666671875
5 0.2359375 0.21944444375 0.225 0.23194444375 0.22421875 0.2638888890625 0.23828125 0.2666666671875 0.240625 0.2541666671875 0.2359375 0.21944444375
2 0.153125 0.3263888890625 0.15390625 0.34861111093749997 0.1578125 0.35 0.16015625 0.3291666671875 0.153125 0.3263888890625
2 0.20078125 0.3333333328125 0.20078125 0.3583333328125 0.2046875 0.3638888890625 0.209375 0.34444444375 0.20078125 0.3333333328125
5 0.4078125 0.16388888906250001 0.3921875 0.16805555625 0.39453125 0.21805555625 0.41328125 0.21944444375 0.41328125 0.175 0.4078125 0.16388888906250001