1 0.196875 0.9666666671874999 0.1984375 0.8583333328125 0.19296875 0.83055555625 0.1734375 0.8291666671875 0.15546875 0.8388888890624999 0.15 0.85694444375 0.14375 0.93194444375 0.14375 0.9611111109375001 0.15 0.9763888890624999 0.16328125 0.977777778125 0.196875 0.9666666671874999
5 0.16171875 0.7763888890625 0.16875 0.7819444437499999 0.16875 0.809722221875 0.1734375 0.81805555625 0.2125 0.8194444437499999 0.21640625 0.8083333328125001 0.2203125 0.6833333328125 0.21875 0.63055555625 0.2125 0.6138888890625 0.209375 0.58055555625 0.20390625 0.575 0.18515625 0.5736111109375 0.165625 0.5763888890625 0.1640625 0.58194444375 0.1640625 0.7194444437499999 0.1671875 0.7597222218749999 0.16171875 0.7666666671875 0.16171875 0.7763888890625
0 0 0.94305555625 0.01328125 0.9291666671875 0.06875 0.7736111109375 0.08203125 0.7138888890625 0.0796875 0.6569444437499999 0.0734375 0.6138888890625 0.0265625 0.6180555562500001 0.009375 0.6388888890625 0 0.6555555562500001 0 0.94305555625
1 0.23203125 0.58055555625 0.234375 0.559722221875 0.228125 0.522222221875 0.215625 0.51944444375 0.20859375 0.525 0.2078125 0.5666666671875 0.2109375 0.58055555625 0.21484375 0.584722221875 0.23203125 0.58055555625
5 0.9234375 0.8027777781250001 0.93515625 0.8125 0.94765625 0.8138888890624999 0.95625 0.8236111109375001 0.97421875 0.8291666671875 0.99921875 0.8222222218749999 0.99921875 0.7416666671875001 0.95078125 0.702777778125 0.92890625 0.7083333328125 0.92109375 0.7263888890625 0.9125 0.7361111109375 0.91484375 0.7458333328125 0.9109375 0.7597222218749999 0.9125 0.777777778125 0.9234375 0.8027777781250001
2 0.975 0.5861111109375 0.96875 0.5875 0.959375 0.6166666671875001 0.96015625 0.6319444437499999 0.9859375 0.6458333328125 0.9828125 0.6111111109375 0.975 0.5861111109375
2 0.01953125 0.4861111109375 0.0171875 0.4583333328125 0.0140625 0.45277777812500003 0.0109375 0.45694444375 0.009375 0.475 0.01171875 0.4888888890625 0.0171875 0.49305555625 0.01953125 0.4861111109375
2 0.06953125 0.4166666671875 0.0640625 0.40694444374999994 0.06015625 0.40972222187499996 0.0640625 0.44444444375 0.06796875 0.4458333328125 0.071875 0.440277778125 0.06953125 0.4166666671875
2 0.11953125 0.40138888906250003 0.11484375 0.4 0.11171875 0.40694444374999994 0.11484375 0.43333333281249997 0.12109375 0.43194444374999996 0.1234375 0.41944444374999995 0.11953125 0.40138888906250003
2 0.11015625 0.372222221875 0.109375 0.35555555625 0.10078125 0.35972222187499997 0.09921875 0.377777778125 0.103125 0.384722221875 0.10703125 0.38333333281250004 0.11015625 0.372222221875
5 0.330078125 0.7881944437499999 0.357421875 0.8333333328125001 0.423828125 0.8125 0.453125 0.784722221875 0.44921875 0.6006944437499999 0.41796875 0.4826388890625 0.408203125 0.4166666671875 0.37109375 0.30555555624999997 0.3046875 0.31944444375000003 0.306640625 0.4201388890625 0.314453125 0.5451388890625 0.330078125 0.7881944437499999
2 0.459375 0.2625 0.45078125 0.25 0.45 0.27777777812500004 0.4546875 0.28055555625 0.459375 0.2708333328125 0.459375 0.2625
2 0.14609375 0.36805555624999997 0.1421875 0.3583333328125 0.13828125 0.3638888890625 0.13671875 0.38055555625 0.14140625 0.39027777812500003 0.1453125 0.3888888890625 0.14609375 0.36805555624999997