5 0.59140625 0.47222222187499996 0.59609375 0.4888888890625 0.6109375 0.5069444437499999 0.62734375 0.5069444437499999 0.646875 0.490277778125 0.66171875 0.5013888890625 0.67734375 0.49444444374999996 0.67734375 0.47083333281249995 0.66953125 0.45416666718750004 0.66328125 0.4513888890625 0.65078125 0.41805555625 0.6484375 0.3166666671875 0.646875 0.29444444375 0.6421875 0.28472222187499996 0.58515625 0.2888888890625 0.57890625 0.2986111109375 0.55546875 0.3875 0.553125 0.40416666718750005 0.5578125 0.4388888890625 0.58203125 0.4583333328125 0.59140625 0.47222222187499996
1 0.43125 0.3375 0.44375 0.33194444375 0.45625 0.334722221875 0.45703125 0.3083333328125 0.45234375 0.2888888890625 0.44296875 0.2833333328125 0.4265625 0.2888888890625 0.42265625 0.29722222187499997 0.42265625 0.31805555625 0.42734375 0.33194444375 0.43125 0.3375
5 0.47421875 0.3333333328125 0.48125 0.33888888906250003 0.49296875 0.33055555625 0.50859375 0.3375 0.5171875 0.33194444375 0.5203125 0.28055555625 0.515625 0.2125 0.484375 0.197222221875 0.459375 0.197222221875 0.44609375 0.20416666718749998 0.44375 0.22638888906250001 0.44296875 0.2638888890625 0.45859375 0.3125 0.471875 0.32083333281250004 0.47421875 0.3333333328125
5 0.23984375 0.259722221875 0.2375 0.23194444375 0.22421875 0.23194444375 0.221875 0.23611111093749998 0.2234375 0.2625 0.23671875 0.2666666671875 0.23984375 0.259722221875
2 0.04296875 0.602777778125 0.04140625 0.577777778125 0.03203125 0.5638888890625 0.028125 0.5833333328125 0.02734375 0.60555555625 0.0328125 0.6166666671875001 0.03671875 0.6166666671875001 0.04296875 0.602777778125
2 0.06875 0.5555555562500001 0.0640625 0.5458333328125 0.06015625 0.5458333328125 0.05546875 0.5555555562500001 0.059375 0.5888888890625 0.06796875 0.5958333328125 0.0703125 0.5763888890625 0.06875 0.5555555562500001
2 0.04296875 0.5416666671875 0.04296875 0.5263888890625 0.03671875 0.5069444437499999 0.03203125 0.5041666671875 0.03046875 0.5083333328124999 0.0296875 0.540277778125 0.0328125 0.5513888890625 0.03671875 0.5513888890625 0.04296875 0.5416666671875
2 0.025 0.4611111109375 0.02109375 0.46388888906250003 0.021875 0.497222221875 0.03359375 0.5013888890625 0.03125 0.47361111093749997 0.025 0.4611111109375
5 1 0.75 0.958984375 0.6805555562500001 0.962890625 0.4791666671875 0.93359375 0.4479166671875 0.828125 0.46180555625 0.810546875 0.5069444437499999 0.759765625 0.565972221875 0.75 0.65625 1 0.9583333328125001 1 0.75
1 0.7796875 0.36805555624999997 0.7796875 0.352777778125 0.775 0.3416666671875 0.75234375 0.34027777812500004 0.74453125 0.34861111093749997 0.74453125 0.3638888890625 0.75 0.36944444375 0.77578125 0.3763888890625 0.7796875 0.36805555624999997
2 0.8390625 0.41944444374999995 0.8328125 0.4166666671875 0.825 0.4291666671875 0.8234375 0.447222221875 0.83671875 0.45555555625000005 0.83984375 0.447222221875 0.8390625 0.41944444374999995
2 0.81171875 0.40416666718750005 0.81015625 0.39027777812500003 0.8015625 0.38333333281250004 0.79765625 0.3916666671875 0.7984375 0.40694444374999994 0.80859375 0.4125 0.81171875 0.40416666718750005
1 0.41484375 0.24305555625 0.40390625 0.240277778125 0.39609375 0.2486111109375 0.3953125 0.26944444375 0.39765625 0.275 0.41796875 0.2736111109375 0.41484375 0.24305555625