5 0.18515625 0.8138888890624999 0.19140625 0.790277778125 0.1984375 0.7166666671875 0.19375 0.6416666671875 0.15390625 0.64444444375 0.14140625 0.6986111109375 0.13671875 0.7666666671875 0.14140625 0.8111111109375001 0.14765625 0.81805555625 0.18515625 0.8138888890624999
2 0.15078125 0.89444444375 0.13828125 0.8666666671875 0.134375 0.8666666671875 0.13046875 0.877777778125 0.134375 0.9277777781250001 0.15 0.952777778125 0.153125 0.9388888890624999 0.15078125 0.89444444375
2 0.23359375 0.9986111109375001 0.23359375 0.965277778125 0.22265625 0.9236111109375 0.215625 0.9138888890624999 0.20859375 0.9333333328125001 0.2078125 0.972222221875 0.2109375 0.9916666671875 0.21640625 0.9986111109375001 0.23359375 0.9986111109375001
2 0.20390625 0.852777778125 0.19453125 0.8291666671875 0.18828125 0.8333333328125001 0.18671875 0.8638888890624999 0.1890625 0.88055555625 0.203125 0.8652777781250001 0.20390625 0.852777778125
2 0.228125 0.85694444375 0.2171875 0.85694444375 0.21484375 0.8708333328125001 0.21484375 0.9041666671874999 0.2203125 0.9138888890624999 0.228125 0.897222221875 0.228125 0.85694444375
2 0.0140625 0.5083333328124999 0.009375 0.5041666671875 0.00390625 0.515277778125 0.00625 0.540277778125 0.0109375 0.54444444375 0.01640625 0.5319444437499999 0.0140625 0.5083333328124999
2 0.0875 0.5375 0.0875 0.51944444375 0.08359375 0.5013888890625 0.078125 0.5013888890625 0.075 0.527777778125 0.0765625 0.54444444375 0.08046875 0.5486111109375 0.0875 0.5375
2 0.25 0.07083333281250001 0.25078125 0.075 0.259375 0.0736111109375 0.26796875 0.0666666671875 0.25 0.07083333281250001
2 0.2765625 0.06944444375 0.2796875 0.0638888890625 0.27421875 0.06527777812499999 0.2765625 0.06944444375
2 0.04453125 0.48333333281249996 0.040625 0.46388888906250003 0.0375 0.459722221875 0.03359375 0.4625 0.03359375 0.497222221875 0.0375 0.4986111109375 0.0421875 0.49444444374999996 0.04453125 0.48333333281249996
2 0.065625 0.49444444374999996 0.06015625 0.475 0.05546875 0.48055555625 0.05390625 0.4916666671875 0.05703125 0.5138888890625 0.0640625 0.50555555625 0.065625 0.49444444374999996
2 0.07421875 0.46388888906250003 0.071875 0.4513888890625 0.06796875 0.4458333328125 0.065625 0.45 0.0640625 0.46944444374999994 0.06875 0.48472222187499997 0.0734375 0.48055555625 0.07421875 0.46388888906250003
1 0.12734375 0.40555555625000006 0.13125 0.3888888890625 0.12734375 0.38194444375000003 0.10625 0.38333333281250004 0.09296875 0.3916666671875 0.084375 0.40555555625000006 0.08359375 0.4138888890625 0.0875 0.42222222187499997 0.103125 0.41944444374999995 0.12734375 0.40555555625000006
2 0.14921875 0.39305555625 0.14609375 0.3875 0.13984375 0.3888888890625 0.13671875 0.41111111093749997 0.14609375 0.4125 0.15 0.40277777812500004 0.14921875 0.39305555625
2 0.15703125 0.40277777812500004 0.15390625 0.3916666671875 0.15 0.3986111109375 0.15 0.4263888890625 0.1546875 0.427777778125 0.15859375 0.415277778125 0.15703125 0.40277777812500004
5 0.5703125 1 0.482421875 0.6736111109375 0.310546875 0.7083333328125 0.32421875 1 0.5703125 1
5 0.857421875 0.3888888890625 0.654296875 0.27777777812500004 0.5859375 0.28472222187499996 0.55859375 0.2986111109375 0.556640625 0.44097222187499996 0.724609375 0.6701388890625 0.841796875 0.6875 0.857421875 0.3888888890625
5 0.3984375 0.6354166671875 0.396484375 0.4826388890625 0.357421875 0.30902777812500004 0.34765625 0.2638888890625 0.291015625 0.27430555624999997 0.28515625 0.49652777812500004 0.318359375 0.659722221875 0.3984375 0.6354166671875
5 0.35859375 0.3111111109375 0.35859375 0.3291666671875 0.36484375 0.34305555625 0.37265625 0.3458333328125 0.39296875 0.34027777812500004 0.396875 0.275 0.3890625 0.2486111109375 0.37421875 0.24444444375000002 0.3046875 0.252777778125 0.30625 0.27638888906250003 0.3375 0.2736111109375 0.353125 0.2875 0.35859375 0.3111111109375