1 0.440625 0.60555555625 0.48046875 0.5986111109375 0.48515625 0.5916666671875 0.48828125 0.565277778125 0.47734375 0.5319444437499999 0.478125 0.5208333328125 0.45859375 0.48055555625 0.4171875 0.48055555625 0.409375 0.49305555625 0.4078125 0.51805555625 0.4109375 0.54305555625 0.425 0.5986111109375 0.440625 0.60555555625
1 0.70625 0.98194444375 0.69921875 0.975 0.65078125 0.872222221875 0.64140625 0.872222221875 0.62265625 0.852777778125 0.60703125 0.8444444437499999 0.5953125 0.8458333328125001 0.55625 0.8666666671875 0.5484375 0.8763888890624999 0.54453125 0.89444444375 0.54453125 0.94305555625 0.54921875 0.9986111109375001 0.70859375 0.9986111109375001 0.70625 0.98194444375
1 0.17734375 0.89444444375 0.19375 0.89305555625 0.2046875 0.8819444437499999 0.20625 0.8486111109375001 0.2 0.825 0.20234375 0.7986111109375 0.19765625 0.775 0.1734375 0.777777778125 0.1609375 0.8291666671875 0.1578125 0.872222221875 0.1640625 0.897222221875 0.16953125 0.902777778125 0.17734375 0.89444444375
1 0.1578125 0.81805555625 0.1734375 0.772222221875 0.1734375 0.7291666671875 0.16953125 0.7125 0.15546875 0.70555555625 0.13515625 0.7125 0.115625 0.75555555625 0.11640625 0.7763888890625 0.11015625 0.7916666671875 0.109375 0.809722221875 0.1140625 0.825 0.15 0.8236111109375001 0.1578125 0.81805555625
0 0.3875 0.31944444375000003 0.390625 0.3138888890625 0.38984375 0.2625 0.384375 0.24444444375000002 0.3734375 0.23333333281250002 0.35234375 0.2388888890625 0.34921875 0.25555555625 0.35625 0.31805555625 0.3640625 0.322222221875 0.3875 0.31944444375000003
2 0.10078125 0.43055555625 0.09609375 0.41944444374999995 0.090625 0.427777778125 0.09140625 0.45 0.09453125 0.45555555625000005 0.1 0.45416666718750004 0.10078125 0.43055555625
2 0.1171875 0.3958333328125 0.11484375 0.3888888890625 0.109375 0.39444444375 0.10859375 0.40972222187499996 0.11484375 0.42083333281249996 0.11875 0.4125 0.1171875 0.3958333328125
1 0.15859375 0.3333333328125 0.14765625 0.34861111093749997 0.15078125 0.365277778125 0.16875 0.3611111109375 0.16640625 0.3333333328125 0.15859375 0.3333333328125
0 0.178125 0.3291666671875 0.17265625 0.325 0.16015625 0.33194444375 0.14921875 0.3458333328125 0.15 0.3638888890625 0.1671875 0.3625 0.17734375 0.352777778125 0.178125 0.3291666671875
1 0.15859375 0.3333333328125 0.1484375 0.3458333328125 0.15 0.3638888890625 0.16953125 0.3611111109375 0.165625 0.33194444375 0.15859375 0.3333333328125
2 0.21171875 0.55 0.2109375 0.525 0.20078125 0.5069444437499999 0.19609375 0.5166666671875 0.196875 0.55 0.20078125 0.5555555562500001 0.209375 0.5555555562500001 0.21171875 0.55
2 0.228125 0.7388888890625 0.21953125 0.7138888890625 0.21640625 0.7125 0.21328125 0.73055555625 0.215625 0.7833333328125 0.22578125 0.7916666671875 0.23203125 0.775 0.228125 0.7388888890625
2 0.23984375 0.9611111109375001 0.23125 0.9583333328125001 0.2265625 0.9388888890624999 0.21640625 0.922222221875 0.209375 0.9236111109375 0.20546875 0.940277778125 0.20078125 0.9458333328125 0.20078125 0.9666666671874999 0.2078125 0.9986111109375001 0.24453125 0.9986111109375001 0.23984375 0.9611111109375001
5 0.9578125 0.6263888890625 0.9765625 0.6263888890625 0.9859375 0.6152777781250001 0.9875 0.6041666671875 0.97421875 0.55694444375 0.9640625 0.540277778125 0.9421875 0.5208333328125 0.91953125 0.5111111109375 0.903125 0.5138888890625 0.89921875 0.5208333328125 0.89296875 0.5555555562500001 0.8921875 0.5763888890625 0.89609375 0.5916666671875 0.91328125 0.5944444437499999 0.9578125 0.6263888890625