1 0.38828125 0.33055555625 0.3890625 0.3111111109375 0.38203125 0.28472222187499996 0.378125 0.28055555625 0.36484375 0.28194444375 0.36015625 0.290277778125 0.35703125 0.3013888890625 0.35703125 0.325 0.3609375 0.334722221875 0.38828125 0.33055555625
2 0.1375 0.365277778125 0.13203125 0.35972222187499997 0.13125 0.38194444375000003 0.13515625 0.3861111109375 0.13828125 0.38055555625 0.1375 0.365277778125
2 0.16640625 0.3361111109375 0.16328125 0.3375 0.1625 0.352777778125 0.165625 0.3638888890625 0.1703125 0.352777778125 0.16640625 0.3361111109375
1 0.2359375 0.28472222187499996 0.23203125 0.2916666671875 0.23203125 0.3083333328125 0.24296875 0.30555555624999997 0.2421875 0.28472222187499996 0.2359375 0.28472222187499996
5 0.27890625 0.28611111093749997 0.27578125 0.28055555625 0.26640625 0.28055555625 0.2625 0.28611111093749997 0.2625 0.32083333281250004 0.26796875 0.32777777812500003 0.27265625 0.32083333281250004 0.27890625 0.28611111093749997
5 0.2375 0.23194444375 0.22421875 0.23194444375 0.22421875 0.2666666671875 0.2375 0.2666666671875 0.23984375 0.259722221875 0.2375 0.23194444375
5 0.33515625 0.2513888890625 0.33203125 0.21805555625 0.325 0.2125 0.30859375 0.2125 0.30390625 0.2208333328125 0.30625 0.2736111109375 0.309375 0.27777777812500004 0.33203125 0.2736111109375 0.33515625 0.2513888890625
1 0.3765625 0.2791666671875 0.3765625 0.26944444375 0.36953125 0.24722222187499998 0.35703125 0.24583333281250003 0.353125 0.25694444375000003 0.35390625 0.290277778125 0.35703125 0.29305555625 0.3671875 0.2791666671875 0.3765625 0.2791666671875
2 0.12109375 0.384722221875 0.11875 0.3763888890625 0.11328125 0.38194444375000003 0.11484375 0.40833333281249995 0.11875 0.40833333281249995 0.121875 0.40277777812500004 0.12109375 0.384722221875
5 0.2125 0.325 0.2203125 0.315277778125 0.2203125 0.30555555624999997 0.21484375 0.29305555625 0.21875 0.2791666671875 0.20859375 0.275 0.1953125 0.290277778125 0.19375 0.3083333328125 0.196875 0.325 0.20078125 0.3291666671875 0.2125 0.325
2 0.209375 0.55694444375 0.209375 0.5291666671875 0.2046875 0.5125 0.2 0.5125 0.196875 0.5319444437499999 0.2015625 0.55694444375 0.20546875 0.5611111109375 0.209375 0.55694444375
2 0.06953125 0.4986111109375 0.06484375 0.4861111109375 0.05859375 0.497222221875 0.06015625 0.5291666671875 0.0640625 0.5319444437499999 0.07109375 0.5166666671875 0.06953125 0.4986111109375
2 0.0875 0.46666666718750005 0.08671875 0.5041666671875 0.09296875 0.50555555625 0.09453125 0.48055555625 0.0875 0.46666666718750005
2 0.1953125 0.45416666718750004 0.1890625 0.4388888890625 0.18515625 0.447222221875 0.1875 0.48194444374999995 0.19296875 0.48333333281249996 0.196875 0.4791666671875 0.1953125 0.45416666718750004
2 0.07734375 0.46666666718750005 0.08203125 0.45694444375 0.08203125 0.4388888890625 0.078125 0.4291666671875 0.07421875 0.4291666671875 0.07109375 0.4388888890625 0.07109375 0.459722221875 0.07265625 0.46666666718750005 0.07734375 0.46666666718750005
2 0.0953125 0.40277777812500004 0.0921875 0.3986111109375 0.08828125 0.40277777812500004 0.08828125 0.43055555625 0.09296875 0.43194444374999996 0.09765625 0.4236111109375 0.0953125 0.40277777812500004
2 0.11171875 0.4 0.10703125 0.3916666671875 0.1046875 0.3958333328125 0.10234375 0.40833333281249995 0.10703125 0.4291666671875 0.1125 0.42083333281249996 0.11171875 0.4
2 0.91875 0.4583333328125 0.9078125 0.4513888890625 0.89609375 0.46944444374999994 0.896875 0.48194444374999995 0.91171875 0.490277778125 0.91875 0.47361111093749997 0.91875 0.4583333328125
2 0.0953125 0.38055555625 0.09140625 0.3708333328125 0.0875 0.372222221875 0.0859375 0.39444444375 0.09296875 0.3986111109375 0.09609375 0.3916666671875 0.0953125 0.38055555625
1 0.77890625 0.36944444375 0.7796875 0.352777778125 0.775 0.3416666671875 0.75078125 0.3416666671875 0.74609375 0.34861111093749997 0.7453125 0.3611111109375 0.7484375 0.36666666718749996 0.7703125 0.3763888890625 0.77890625 0.36944444375
5 0.9609375 0.9583333328125001 0.98203125 0.9902777781250001 0.99921875 0.9986111109375001 0.99921875 0.7430555562500001 0.98046875 0.747222221875 0.96015625 0.7597222218749999 0.9546875 0.8027777781250001 0.94921875 0.8125 0.94375 0.8361111109375001 0.94375 0.8888888890625 0.95 0.9 0.9546875 0.9361111109375001 0.9609375 0.9583333328125001
5 0.4578125 0.309722221875 0.47265625 0.31805555625 0.4765625 0.3333333328125 0.4859375 0.34305555625 0.52109375 0.3416666671875 0.528125 0.29305555625 0.52734375 0.21805555625 0.48828125 0.197222221875 0.4546875 0.2 0.453125 0.20694444375 0.446875 0.2486111109375 0.446875 0.28611111093749997 0.45078125 0.2986111109375 0.4578125 0.309722221875
5 0.6390625 0.5416666671875 0.6671875 0.5583333328125 0.7390625 0.55 0.7421875 0.372222221875 0.6671875 0.3333333328125 0.603125 0.33888888906250003 0.5890625 0.43333333281249997 0.59375 0.4861111109375 0.6390625 0.5416666671875
2 0.20078125 0.91944444375 0.2046875 0.9138888890624999 0.20625 0.9 0.2046875 0.852777778125 0.196875 0.83055555625 0.1921875 0.8333333328125001 0.18515625 0.85694444375 0.18515625 0.8791666671874999 0.190625 0.902777778125 0.20078125 0.91944444375
2 0.23515625 0.8763888890624999 0.23203125 0.8625 0.234375 0.85555555625 0.22421875 0.8236111109375001 0.22109375 0.8236111109375001 0.21640625 0.8375 0.21484375 0.8541666671874999 0.2140625 0.872222221875 0.23359375 0.95 0.23203125 0.922222221875 0.23515625 0.8763888890624999
0 0.36171875 0.197222221875 0.346875 0.2 0.346875 0.23611111093749998 0.3625 0.2375 0.36484375 0.20694444375 0.36171875 0.197222221875