1 0.50234375 0.715277778125 0.50859375 0.709722221875 0.53671875 0.7083333328125 0.54296875 0.702777778125 0.54140625 0.684722221875 0.5484375 0.66944444375 0.54453125 0.6513888890625 0.5265625 0.5930555562500001 0.50625 0.5555555562500001 0.4625 0.5541666671875001 0.4546875 0.559722221875 0.45390625 0.56805555625 0.45234375 0.60555555625 0.4546875 0.6416666671875 0.4828125 0.7125 0.50234375 0.715277778125
1 0 0.7861111109375 0.00703125 0.7875 0.0265625 0.7638888890625 0.03671875 0.7388888890625 0.040625 0.7402777781250001 0.04140625 0.70555555625 0.03671875 0.6805555562500001 0.028125 0.6625 0.00546875 0.6666666671875 0 0.675 0 0.7861111109375
5 0.0515625 0.7625 0.08359375 0.7569444437499999 0.09140625 0.747222221875 0.10703125 0.7041666671875 0.10703125 0.65 0.09921875 0.627777778125 0.07109375 0.63055555625 0.0453125 0.6888888890625 0.04296875 0.6972222218749999 0.04296875 0.7430555562500001 0.04609375 0.75555555625 0.0515625 0.7625
1 0.41015625 0.490277778125 0.41171875 0.5083333328124999 0.42734375 0.5111111109375 0.43515625 0.502777778125 0.453125 0.5 0.4625 0.50555555625 0.465625 0.49444444374999996 0.465625 0.47222222187499996 0.440625 0.40694444374999994 0.42421875 0.4 0.4109375 0.40555555625000006 0.40390625 0.415277778125 0.4046875 0.4388888890625 0.40078125 0.459722221875 0.4046875 0.48194444374999995 0.41015625 0.490277778125
5 0.42578125 0.722222221875 0.419921875 0.5208333328125 0.380859375 0.3576388890625 0.373046875 0.28472222187499996 0.29296875 0.28472222187499996 0.2890625 0.625 0.310546875 0.7430555562500001 0.42578125 0.722222221875
1 0.415625 0.3958333328125 0.415625 0.34722222187499996 0.40703125 0.30555555624999997 0.39609375 0.29722222187499997 0.3796875 0.2986111109375 0.371875 0.30555555624999997 0.37109375 0.322222221875 0.38125 0.3625 0.384375 0.40138888906250003 0.415625 0.3958333328125
1 0.34609375 0.28055555625 0.3546875 0.2736111109375 0.35234375 0.25694444375000003 0.35390625 0.2375 0.34375 0.222222221875 0.31796875 0.222222221875 0.31328125 0.23194444375 0.31328125 0.25694444375000003 0.31015625 0.2666666671875 0.315625 0.27777777812500004 0.34609375 0.28055555625
1 0.38671875 0.2611111109375 0.37265625 0.240277778125 0.35625 0.25 0.35703125 0.2736111109375 0.3609375 0.2791666671875 0.39140625 0.275 0.38671875 0.2611111109375
1 0.475 0.34444444375 0.47734375 0.31944444375000003 0.465625 0.2916666671875 0.44296875 0.2916666671875 0.43515625 0.3013888890625 0.434375 0.3333333328125 0.4453125 0.35 0.4515625 0.352777778125 0.475 0.34444444375
1 0.91640625 0.6013888890625 0.91796875 0.60694444375 0.9375 0.6152777781250001 0.9546875 0.63055555625 0.978125 0.6263888890625 0.9859375 0.6166666671875001 0.9875 0.602777778125 0.97421875 0.5555555562500001 0.9640625 0.5388888890625 0.93984375 0.51805555625 0.92421875 0.5111111109375 0.903125 0.5138888890625 0.89921875 0.51944444375 0.89375 0.5527777781250001 0.89296875 0.5888888890625 0.90546875 0.5930555562500001 0.90703125 0.60694444375 0.91640625 0.6013888890625
2 0.8609375 0.5458333328125 0.8671875 0.5486111109375 0.8703125 0.54444444375 0.87109375 0.5263888890625 0.86484375 0.5097222218749999 0.85703125 0.50555555625 0.8484375 0.525 0.84765625 0.5527777781250001 0.85 0.55694444375 0.853125 0.559722221875 0.8609375 0.5458333328125
1 0.77109375 0.427777778125 0.771875 0.40694444374999994 0.75234375 0.372222221875 0.7375 0.3736111109375 0.73203125 0.38194444375000003 0.7296875 0.397222221875 0.734375 0.4166666671875 0.75078125 0.43055555625 0.77109375 0.427777778125
2 0.05234375 0.47361111093749997 0.0453125 0.459722221875 0.040625 0.46527777812500004 0.040625 0.4986111109375 0.0484375 0.4986111109375 0.05234375 0.490277778125 0.05234375 0.47361111093749997
2 0.071875 0.3888888890625 0.0609375 0.39027777812500003 0.0625 0.40416666718750005 0.07109375 0.40694444374999994 0.0734375 0.40277777812500004 0.071875 0.3888888890625
2 0.1078125 0.40138888906250003 0.10390625 0.39444444375 0.09921875 0.397222221875 0.1 0.4166666671875 0.10390625 0.42222222187499997 0.10703125 0.4166666671875 0.1078125 0.40138888906250003