1 0 0.7736111109375 0.0046875 0.777777778125 0.01953125 0.7708333328125 0.03984375 0.73055555625 0.04296875 0.7125 0.040625 0.6777777781250001 0.03203125 0.6583333328125 0.009375 0.659722221875 0 0.675 0 0.7736111109375
5 0.109375 0.69305555625 0.10859375 0.64444444375 0.10546875 0.6291666671875 0.10078125 0.622222221875 0.0703125 0.627777778125 0.046875 0.6888888890625 0.04609375 0.73194444375 0.05390625 0.75555555625 0.09140625 0.747222221875 0.109375 0.69305555625
5 0.5234375 1 0.46875 0.625 0.458984375 0.5173611109375 0.3828125 0.3263888890625 0.3046875 0.3229166671875 0.3203125 0.59375 0.337890625 0.9375 0.384765625 1 0.5234375 1
5 0.4734375 0.6263888890625 0.48203125 0.66805555625 0.5109375 0.6611111109375 0.52734375 0.6638888890625 0.53046875 0.609722221875 0.509375 0.5375 0.48125 0.4916666671875 0.45703125 0.49305555625 0.4609375 0.559722221875 0.4671875 0.5708333328124999 0.47421875 0.597222221875 0.4734375 0.6263888890625
1 0.55546875 0.46805555625000006 0.55546875 0.43333333281249997 0.540625 0.4 0.525 0.3916666671875 0.5171875 0.39305555625 0.4984375 0.415277778125 0.49765625 0.44305555625000004 0.5125 0.47361111093749997 0.55234375 0.47222222187499996 0.55546875 0.46805555625000006
5 0.9546875 0.6347222218749999 0.9625 0.627777778125 0.978125 0.627777778125 0.98515625 0.61944444375 0.98828125 0.60694444375 0.97734375 0.565277778125 0.9671875 0.54444444375 0.93203125 0.515277778125 0.91328125 0.5111111109375 0.90078125 0.5166666671875 0.89296875 0.5555555562500001 0.8921875 0.5763888890625 0.8953125 0.590277778125 0.95234375 0.6291666671875 0.9546875 0.6347222218749999
1 0.42734375 0.41805555625 0.43125 0.3861111109375 0.428125 0.3611111109375 0.4234375 0.35 0.4125 0.3375 0.3875 0.33888888906250003 0.40703125 0.3875 0.41953125 0.40138888906250003 0.4234375 0.41944444374999995 0.42734375 0.41805555625
2 0.0390625 0.5125 0.040625 0.5013888890625 0.03671875 0.48055555625 0.03125 0.477777778125 0.02734375 0.5 0.02890625 0.515277778125 0.03359375 0.51944444375 0.0390625 0.5125
2 0.0671875 0.48055555625 0.06171875 0.46666666718750005 0.0546875 0.477777778125 0.05390625 0.4986111109375 0.06171875 0.5097222218749999 0.065625 0.502777778125 0.0671875 0.48055555625
2 0.1 0.40138888906250003 0.0953125 0.3916666671875 0.090625 0.397222221875 0.09140625 0.4236111109375 0.09609375 0.425 0.09921875 0.41944444374999995 0.1 0.40138888906250003
2 0.11640625 0.4 0.11171875 0.39444444375 0.10859375 0.3986111109375 0.109375 0.4263888890625 0.11328125 0.4291666671875 0.11640625 0.425 0.11640625 0.4