1 0.73125 0.6263888890625 0.75859375 0.6263888890625 0.775 0.61944444375 0.77890625 0.6111111109375 0.78046875 0.584722221875 0.7890625 0.56805555625 0.78671875 0.5555555562500001 0.78046875 0.5486111109375 0.7703125 0.5208333328125 0.74765625 0.49444444374999996 0.7359375 0.4916666671875 0.69453125 0.5 0.68046875 0.5125 0.6734375 0.527777778125 0.67421875 0.5541666671875001 0.6828125 0.575 0.71875 0.6180555562500001 0.73125 0.6263888890625
1 0.415625 0.5361111109375 0.4234375 0.54444444375 0.43359375 0.5361111109375 0.45703125 0.5319444437499999 0.46328125 0.5375 0.4703125 0.5333333328125 0.47265625 0.5166666671875 0.4703125 0.46944444374999994 0.465625 0.440277778125 0.453125 0.40694444374999994 0.4375 0.38333333281250004 0.40703125 0.384722221875 0.39921875 0.397222221875 0.3984375 0.41944444374999995 0.40390625 0.44444444375 0.4 0.4763888890625 0.415625 0.5361111109375
1 0 0.7736111109375 0.0046875 0.7763888890625 0.01875 0.772222221875 0.025 0.7638888890625 0.040625 0.7291666671875 0.04375 0.7125 0.04296875 0.6888888890625 0.03671875 0.665277778125 0.03125 0.6569444437499999 0.009375 0.659722221875 0 0.675 0 0.7736111109375
1 0.09453125 0.73194444375 0.11640625 0.6791666671875001 0.11640625 0.6569444437499999 0.1109375 0.6180555562500001 0.10546875 0.609722221875 0.078125 0.6138888890625 0.0515625 0.6805555562500001 0.05078125 0.7194444437499999 0.06015625 0.7430555562500001 0.06953125 0.7361111109375 0.09453125 0.73194444375
2 0.13046875 0.35694444375 0.12578125 0.3625 0.1265625 0.38055555625 0.13046875 0.3861111109375 0.1328125 0.3625 0.13046875 0.35694444375
2 0.14921875 0.31805555625 0.14609375 0.3125 0.1421875 0.31805555625 0.1421875 0.334722221875 0.14609375 0.34027777812500004 0.14921875 0.334722221875 0.14921875 0.31805555625
1 0.18359375 0.3263888890625 0.18046875 0.3 0.171875 0.2986111109375 0.16328125 0.30555555624999997 0.1609375 0.322222221875 0.16484375 0.3333333328125 0.178125 0.3333333328125 0.18359375 0.3263888890625
1 0.178125 0.9138888890624999 0.15859375 0.9138888890624999 0.140625 0.9263888890624999 0.14375 0.9986111109375001 0.1984375 0.9986111109375001 0.19765625 0.98194444375 0.178125 0.9138888890624999
1 0.9546875 0.63055555625 0.984375 0.622222221875 0.9890625 0.6041666671875 0.97421875 0.5541666671875001 0.96640625 0.540277778125 0.93828125 0.5166666671875 0.91953125 0.5097222218749999 0.90625 0.5125 0.9 0.5208333328125 0.89453125 0.5527777781250001 0.89609375 0.5916666671875 0.9125 0.5930555562500001 0.9515625 0.622222221875 0.9546875 0.63055555625
1 0.45703125 0.3166666671875 0.459375 0.29305555625 0.45078125 0.272222221875 0.43125 0.2708333328125 0.428125 0.275 0.4234375 0.2833333328125 0.4265625 0.3138888890625 0.43515625 0.32083333281250004 0.45703125 0.3166666671875
1 0.41484375 0.25555555625 0.415625 0.2388888890625 0.4078125 0.22638888906250001 0.396875 0.22916666718749998 0.390625 0.2388888890625 0.390625 0.2513888890625 0.39453125 0.2625 0.41171875 0.2625 0.41484375 0.25555555625
5 0.359375 0.40674603125 0.3604910703125 0.325396825 0.3448660703125 0.2539682546875 0.3348214296875 0.22619047656250002 0.3046875 0.228174603125 0.296875 0.22619047656250002 0.30022321406249997 0.414682540625 0.359375 0.40674603125
2 0.071875 0.5041666671875 0.071875 0.48194444374999995 0.06875 0.47083333281249995 0.0640625 0.47083333281249995 0.05859375 0.4875 0.0578125 0.497222221875 0.06171875 0.5097222218749999 0.06640625 0.5111111109375 0.071875 0.5041666671875
2 0.08359375 0.3875 0.0796875 0.3958333328125 0.08203125 0.41944444374999995 0.0890625 0.41944444374999995 0.08828125 0.3958333328125 0.08359375 0.3875
2 0.2 0.35 0.2 0.3736111109375 0.20546875 0.3763888890625 0.20546875 0.35 0.2 0.35
2 0.7984375 0.44305555625000004 0.79921875 0.4291666671875 0.79140625 0.40972222187499996 0.78671875 0.40833333281249995 0.78359375 0.41805555625 0.78203125 0.434722221875 0.78671875 0.44444444375 0.79453125 0.447222221875 0.7984375 0.44305555625000004
2 0.8609375 0.5083333328124999 0.853125 0.50555555625 0.85 0.5166666671875 0.84921875 0.5416666671875 0.86875 0.5527777781250001 0.86640625 0.527777778125 0.8609375 0.5083333328124999
2 0.73828125 0.38055555625 0.73203125 0.38333333281250004 0.73046875 0.40416666718750005 0.740625 0.40833333281249995 0.74296875 0.3875 0.73828125 0.38055555625