1 0.62421875 0.9277777781250001 0.6265625 0.91944444375 0.603125 0.89444444375 0.54609375 0.8958333328125001 0.5375 0.909722221875 0.5296875 0.9458333328125 0.5171875 0.977777778125 0.5140625 0.9986111109375001 0.6328125 0.997222221875 0.63203125 0.9638888890624999 0.62421875 0.9277777781250001
1 0.48046875 0.9986111109375001 0.4828125 0.9902777781250001 0.484375 0.9444444437499999 0.48046875 0.9111111109375001 0.4625 0.8638888890624999 0.41171875 0.8611111109375 0.3890625 0.9236111109375 0.3859375 0.959722221875 0.38671875 0.98194444375 0.390625 0.9958333328125001 0.48046875 0.9986111109375001
1 0.41875 0.8583333328125 0.46015625 0.859722221875 0.46796875 0.8652777781250001 0.4921875 0.94305555625 0.5046875 0.940277778125 0.515625 0.9236111109375 0.528125 0.922222221875 0.5390625 0.8861111109375001 0.5375 0.847222221875 0.5328125 0.840277778125 0.52578125 0.8125 0.515625 0.7958333328125 0.475 0.79444444375 0.409375 0.8138888890624999 0.4078125 0.81805555625 0.41015625 0.8166666671874999 0.41484375 0.827777778125 0.41875 0.8583333328125
1 0.6328125 0.9041666671874999 0.64296875 0.9166666671874999 0.65 0.91944444375 0.65234375 0.915277778125 0.653125 0.852777778125 0.646875 0.7986111109375 0.6421875 0.7819444437499999 0.615625 0.775 0.58671875 0.7819444437499999 0.5796875 0.79444444375 0.57109375 0.8333333328125001 0.5703125 0.8625 0.62265625 0.8666666671875 0.6265625 0.890277778125 0.6328125 0.9041666671874999
1 0.53203125 0.7486111109375 0.5484375 0.7361111109375 0.59921875 0.7291666671875 0.61328125 0.6986111109375 0.59921875 0.672222221875 0.5875 0.6625 0.52578125 0.6625 0.51796875 0.66944444375 0.51171875 0.6916666671875 0.49375 0.7041666671875 0.4890625 0.7361111109375 0.490625 0.7611111109375 0.52890625 0.7611111109375 0.5328125 0.75555555625 0.53203125 0.7486111109375
1 0.56875 0.83194444375 0.5671875 0.8222222218749999 0.57578125 0.8041666671875 0.5796875 0.7819444437499999 0.55078125 0.7805555562500001 0.528125 0.7916666671875 0.5265625 0.809722221875 0.53671875 0.840277778125 0.5515625 0.8444444437499999 0.56875 0.83194444375
1 0.58515625 0.7638888890625 0.63046875 0.747222221875 0.62265625 0.7291666671875 0.5484375 0.734722221875 0.54140625 0.74444444375 0.5296875 0.747222221875 0.53046875 0.7666666671875 0.58515625 0.7638888890625
1 0.6734375 0.79444444375 0.70078125 0.7958333328125 0.7046875 0.7875 0.7046875 0.7666666671875 0.68828125 0.7583333328124999 0.68125 0.7666666671875 0.66953125 0.7666666671875 0.6734375 0.777777778125 0.6734375 0.79444444375
1 0.6234375 0.727777778125 0.628125 0.7361111109375 0.6265625 0.7486111109375 0.65390625 0.75 0.6890625 0.7388888890625 0.69375 0.7333333328125 0.68515625 0.7125 0.6734375 0.6986111109375 0.6265625 0.6944444437499999 0.61328125 0.7013888890625 0.6125 0.715277778125 0.60703125 0.7180555562500001 0.60546875 0.7263888890625 0.6234375 0.727777778125
0 0.61875 0.6916666671875 0.6734375 0.6972222218749999 0.6796875 0.6833333328125 0.68359375 0.63055555625 0.6890625 0.6180555562500001 0.6828125 0.6083333328125 0.6859375 0.5791666671875 0.6828125 0.575 0.68515625 0.5638888890625 0.68125 0.5375 0.646875 0.5236111109375 0.59453125 0.5333333328125 0.58203125 0.5611111109375 0.57578125 0.5833333328125 0.575 0.6013888890625 0.57421875 0.652777778125 0.5984375 0.665277778125 0.60859375 0.684722221875 0.61875 0.6916666671875
1 0.36875 0.6375 0.36875 0.60555555625 0.37890625 0.55694444375 0.41171875 0.540277778125 0.396875 0.5319444437499999 0.365625 0.5319444437499999 0.35859375 0.540277778125 0.346875 0.5763888890625 0.346875 0.5944444437499999 0.35390625 0.622222221875 0.3609375 0.6375 0.36875 0.6375
1 0.4625 0.66805555625 0.47265625 0.65 0.471875 0.6125 0.46328125 0.5791666671875 0.45546875 0.5638888890625 0.4234375 0.5666666671875 0.4078125 0.6138888890625 0.40703125 0.6583333328125 0.41171875 0.66944444375 0.4390625 0.659722221875 0.4625 0.66805555625
1 0.265625 0.7263888890625 0.28671875 0.73194444375 0.29609375 0.7180555562500001 0.3125 0.7111111109375 0.3296875 0.7180555562500001 0.33359375 0.7111111109375 0.340625 0.665277778125 0.33046875 0.6361111109375 0.321875 0.6375 0.2984375 0.625 0.287890625 0.627777778125 0.27890625 0.6166666671875001 0.275 0.625 0.25234375 0.6416666671875 0.23515625 0.665277778125 0.23359375 0.6763888890625 0.2484375 0.702777778125 0.2515625 0.734722221875 0.265625 0.7263888890625
1 0.2671875 0.725 0.28671875 0.73194444375 0.29296875 0.722222221875 0.315625 0.7111111109375 0.321875 0.7180555562500001 0.3296875 0.7180555562500001 0.33359375 0.7125 0.340625 0.6736111109375 0.33359375 0.647222221875 0.328125 0.647222221875 0.3140625 0.6333333328124999 0.27890625 0.6236111109375 0.25703125 0.6375 0.2359375 0.6638888890625 0.234375 0.6777777781250001 0.25 0.7180555562500001 0.2515625 0.734722221875 0.2671875 0.725
1 0.3375 0.6416666671875 0.34375 0.6569444437499999 0.3515625 0.6541666671875 0.35390625 0.6388888890625 0.35234375 0.6125 0.340625 0.58055555625 0.31953125 0.5763888890625 0.30625 0.5833333328125 0.2984375 0.5944444437499999 0.3 0.6 0.32578125 0.60694444375 0.3359375 0.6263888890625 0.3375 0.6416666671875
1 0.3375 0.6458333328125 0.34453125 0.6583333328125 0.35234375 0.652777778125 0.35234375 0.6125 0.34375 0.584722221875 0.3203125 0.5763888890625 0.30703125 0.5833333328125 0.2984375 0.5944444437499999 0.30078125 0.6 0.325 0.6041666671875 0.33671875 0.6263888890625 0.3375 0.6458333328125
1 0.40625 0.540277778125 0.4125 0.540277778125 0.42421875 0.5291666671875 0.421875 0.5097222218749999 0.40703125 0.4888888890625 0.3765625 0.490277778125 0.36640625 0.5041666671875 0.36328125 0.515277778125 0.36328125 0.527777778125 0.386458334375 0.525 0.39921875 0.5305555562500001 0.40625 0.540277778125
1 0.475 0.5694444437499999 0.478125 0.60694444375 0.48359375 0.6013888890625 0.48984375 0.60555555625 0.49765625 0.602777778125 0.50078125 0.5527777781250001 0.4875 0.51805555625 0.4546875 0.51805555625 0.4453125 0.5319444437499999 0.44375 0.540277778125 0.459375 0.54305555625 0.46953125 0.5541666671875001 0.475 0.5694444437499999
1 0.46484375 0.5111111109375 0.46875 0.48333333281249996 0.45859375 0.4583333328125 0.4328125 0.459722221875 0.43125 0.46666666718750005 0.44609375 0.5138888890625 0.4515625 0.5166666671875 0.46484375 0.5111111109375
1 0.4953125 0.5333333328125 0.509375 0.5361111109375 0.51640625 0.527777778125 0.52109375 0.4625 0.5109375 0.45555555625000005 0.4875 0.45694444375 0.48125 0.4625 0.47109375 0.4861111109375 0.4703125 0.50555555625 0.4734375 0.5125 0.4859375 0.5138888890625 0.4953125 0.5333333328125
1 0.52890625 0.46666666718750005 0.54453125 0.459722221875 0.5453125 0.427777778125 0.53671875 0.40138888906250003 0.5125 0.4 0.5015625 0.41111111093749997 0.50078125 0.43333333281249997 0.50546875 0.4513888890625 0.52265625 0.45555555625000005 0.52890625 0.46666666718750005
5 0.6421875 0.5138888890625 0.696875 0.50555555625 0.7015625 0.44305555625000004 0.6953125 0.43194444374999996 0.690625 0.38194444375000003 0.64609375 0.38194444375000003 0.64140625 0.3875 0.634375 0.425 0.63203125 0.44305555625000004 0.6375 0.45277777812500003 0.63828125 0.5013888890625 0.6421875 0.5138888890625
1 0.6078125 0.40416666718750005 0.5953125 0.3763888890625 0.578125 0.3763888890625 0.56953125 0.3958333328125 0.56953125 0.4236111109375 0.571875 0.4263888890625 0.60625 0.4236111109375 0.6078125 0.40416666718750005
1 0 0.859722221875 0.06015625 0.852777778125 0.06953125 0.83055555625 0.06328125 0.8208333328125 0.0484375 0.81805555625 0.01328125 0.8194444437499999 0.0046875 0.8263888890625 0 0.83194444375 0 0.859722221875
5 0.24609375 0.7604166671875 0.19921875 0.659722221875 0.16015625 0.6631944437499999 0.09765625 0.71875 0.078125 0.8194444437499999 0.0546875 1 0.173828125 0.996527778125 0.236328125 0.996527778125 0.255859375 0.878472221875 0.24609375 0.7604166671875
1 0.0515625 0.797222221875 0.0578125 0.8013888890624999 0.0640625 0.7958333328125 0.071875 0.777777778125 0.08046875 0.7791666671875 0.096875 0.7194444437499999 0.10703125 0.715277778125 0.1109375 0.702777778125 0.11875 0.7013888890625 0.12265625 0.69305555625 0.059375 0.6958333328124999 0.04296875 0.725 0.034375 0.73194444375 0.03046875 0.7541666671875 0.03125 0.777777778125 0.05078125 0.7875 0.0515625 0.797222221875
1 0 0.940277778125 0.04453125 0.94305555625 0.04921875 0.88055555625 0.053125 0.8763888890624999 0.03046875 0.8736111109375001 0 0.875 0 0.940277778125
1 0.746875 0.8333333328125001 0.7515625 0.9041666671874999 0.765625 0.9041666671874999 0.76796875 0.89444444375 0.775 0.8888888890625 0.790625 0.8916666671875 0.7984375 0.8833333328125 0.80078125 0.85555555625 0.7953125 0.8222222218749999 0.796875 0.7888888890625 0.80546875 0.772222221875 0.80703125 0.747222221875 0.80625 0.7388888890625 0.796875 0.7375 0.7953125 0.73055555625 0.7984375 0.7166666671875 0.80625 0.7138888890625 0.8078125 0.6888888890625 0.7640625 0.6888888890625 0.75703125 0.7013888890625 0.76171875 0.7333333328125 0.75234375 0.7611111109375 0.74765625 0.7583333328124999 0.74375 0.7708333328125 0.73984375 0.8027777781250001 0.74375 0.8027777781250001 0.74921875 0.8125 0.746875 0.8333333328125001