1 0.48515625 0.98194444375 0.48515625 0.95 0.48046875 0.934722221875 0.4796875 0.9111111109375001 0.4671875 0.8680555562500001 0.4625 0.8625 0.415625 0.85555555625 0.4078125 0.8638888890624999 0.38828125 0.9277777781250001 0.38671875 0.975 0.39140625 0.99444444375 0.48125 0.9986111109375001 0.48515625 0.98194444375
1 0.634375 0.9736111109375001 0.62734375 0.91944444375 0.609375 0.897222221875 0.5796875 0.8916666671875 0.546875 0.89305555625 0.5375 0.9083333328125001 0.52421875 0.9625 0.515625 0.98194444375 0.5125 0.9930555562500001 0.515625 0.9986111109375001 0.6328125 0.9986111109375001 0.634375 0.9736111109375001
1 0.46796875 0.8638888890624999 0.475 0.89305555625 0.5015625 0.9375 0.515625 0.91944444375 0.52890625 0.91805555625 0.53203125 0.8986111109375001 0.53828125 0.8861111109375001 0.53671875 0.8458333328125001 0.53359375 0.8430555562500001 0.525 0.8013888890624999 0.5171875 0.79444444375 0.46171875 0.7958333328125 0.4234375 0.80694444375 0.41875 0.8222222218749999 0.41953125 0.852777778125 0.46015625 0.8583333328125 0.46796875 0.8638888890624999
1 0.62578125 0.8888888890625 0.63359375 0.9055555562500001 0.6421875 0.915277778125 0.65390625 0.9166666671874999 0.6578125 0.88055555625 0.6578125 0.8291666671875 0.6515625 0.825 0.64609375 0.7819444437499999 0.63828125 0.7708333328125 0.61875 0.7708333328125 0.58515625 0.7819444437499999 0.57421875 0.8138888890624999 0.56796875 0.852777778125 0.56875 0.8625 0.61015625 0.8625 0.62421875 0.8736111109375001 0.62578125 0.8888888890625
1 0.66171875 0.8222222218749999 0.66953125 0.827777778125 0.66953125 0.8055555562500001 0.67421875 0.797222221875 0.6828125 0.79444444375 0.6875 0.8027777781250001 0.70078125 0.8027777781250001 0.70859375 0.7763888890625 0.70234375 0.7569444437499999 0.66875 0.7666666671875 0.671875 0.775 0.66171875 0.790277778125 0.66484375 0.8166666671874999 0.66171875 0.8222222218749999
1 0.8015625 0.715277778125 0.80625 0.7083333328125 0.80859375 0.69305555625 0.80234375 0.6861111109375 0.775 0.684722221875 0.76328125 0.6888888890625 0.759375 0.6986111109375 0.75859375 0.715277778125 0.76484375 0.725 0.77890625 0.725 0.8015625 0.715277778125
1 0.76875 0.8888888890625 0.7765625 0.8888888890625 0.78671875 0.902777778125 0.78984375 0.9013888890624999 0.80078125 0.8763888890624999 0.79765625 0.8083333328125001 0.80078125 0.7805555562500001 0.80390625 0.777777778125 0.803125 0.7513888890625 0.79453125 0.7402777781250001 0.7609375 0.7430555562500001 0.74921875 0.8236111109375001 0.7484375 0.8791666671874999 0.7515625 0.9041666671874999 0.7609375 0.9041666671874999 0.76875 0.8888888890625
1 0.53125 0.7638888890625 0.55078125 0.7361111109375 0.60234375 0.727777778125 0.615625 0.6972222218749999 0.60078125 0.672222221875 0.5875 0.659722221875 0.5296875 0.659722221875 0.52265625 0.6625 0.5109375 0.6916666671875 0.49453125 0.702777778125 0.4890625 0.7263888890625 0.4875 0.7541666671875 0.48984375 0.7597222218749999 0.5 0.765277778125 0.53125 0.7638888890625
0 0.63515625 0.4625 0.6421875 0.45416666718750004 0.65390625 0.45277777812500003 0.66015625 0.46388888906250003 0.66640625 0.4583333328125 0.66796875 0.45 0.659375 0.44305555625000004 0.6171875 0.44444444375 0.61640625 0.4791666671875 0.61875 0.4861111109375 0.6375 0.4791666671875 0.63515625 0.4625
0 0.61875 0.690277778125 0.67734375 0.69305555625 0.68046875 0.6861111109375 0.6875 0.61944444375 0.68359375 0.6013888890625 0.6890625 0.56805555625 0.68203125 0.534722221875 0.6828125 0.51944444375 0.67734375 0.5097222218749999 0.6734375 0.5125 0.6734375 0.5263888890625 0.6703125 0.5291666671875 0.6390625 0.522222221875 0.63125 0.5125 0.6015625 0.527777778125 0.5796875 0.559722221875 0.575 0.5861111109375 0.57578125 0.6555555562500001 0.59453125 0.659722221875 0.61015625 0.684722221875 0.61875 0.690277778125
1 0.359375 0.63055555625 0.36484375 0.6333333328124999 0.375 0.6541666671875 0.38671875 0.6541666671875 0.40625 0.640277778125 0.40859375 0.6111111109375 0.41875 0.5736111109375 0.42578125 0.5625 0.43671875 0.559722221875 0.43984375 0.5486111109375 0.4265625 0.54305555625 0.38671875 0.547222221875 0.37734375 0.5555555562500001 0.3546875 0.5944444437499999 0.353125 0.60694444375 0.35703125 0.6111111109375 0.35625 0.622222221875 0.359375 0.63055555625
1 0.465625 0.665277778125 0.47421875 0.65 0.475 0.602777778125 0.4703125 0.5888888890625 0.46640625 0.5916666671875 0.4625 0.5708333328124999 0.4578125 0.5638888890625 0.4265625 0.5638888890625 0.41796875 0.5791666671875 0.4078125 0.61944444375 0.4078125 0.6611111109375 0.41171875 0.6666666671875 0.434375 0.6583333328125 0.465625 0.665277778125
1 0.209375 0.9541666671875 0.20859375 0.9458333328125 0.1921875 0.9388888890624999 0.18125 0.9125 0.1703125 0.8986111109375001 0.11015625 0.902777778125 0.0890625 0.9291666671875 0.0765625 0.9666666671874999 0.07109375 0.9986111109375001 0.20859375 0.9986111109375001 0.2046875 0.9708333328125001 0.209375 0.9541666671875
1 0.15234375 0.83055555625 0.16015625 0.8333333328125001 0.1734375 0.8291666671875 0.17421875 0.825 0.17109375 0.7819444437499999 0.15390625 0.7597222218749999 0.1390625 0.75555555625 0.10546875 0.7583333328124999 0.0953125 0.76944444375 0.08984375 0.79305555625 0.0796875 0.7986111109375 0.078125 0.8041666671875 0.07890625 0.8430555562500001 0.1359375 0.8333333328125001 0.14375 0.8361111109375001 0.15234375 0.83055555625
1 0 0.95555555625 0.0296875 0.95555555625 0.0453125 0.9638888890624999 0.053125 0.9458333328125 0.07265625 0.9375 0.07109375 0.875 0.06953125 0.8680555562500001 0.062890625 0.8666666671875 0.05625 0.8513888890624999 0.05625 0.8416666671874999 0.046875 0.8333333328125001 0.0078125 0.83194444375 0 0.834722221875 0 0.95555555625
1 0.06015625 0.8388888890624999 0.07265625 0.8333333328125001 0.07734375 0.7986111109375 0.08515625 0.79444444375 0.09140625 0.7833333328125 0.0984375 0.7458333328125 0.09765625 0.73194444375 0.08828125 0.709722221875 0.05390625 0.70555555625 0.0265625 0.7125 0.00390625 0.75 0.00234375 0.7638888890625 0.00703125 0.79305555625 0.01796875 0.81805555625 0.06015625 0.8388888890624999
1 0.15234375 0.7180555562500001 0.1640625 0.6986111109375 0.16640625 0.684722221875 0.13203125 0.684722221875 0.1203125 0.690277778125 0.09921875 0.734722221875 0.0984375 0.74444444375 0.103125 0.7541666671875 0.14296875 0.75 0.15234375 0.7180555562500001
1 0.1828125 0.7402777781250001 0.20390625 0.715277778125 0.20625 0.6888888890625 0.1765625 0.6888888890625 0.16640625 0.6944444437499999 0.15234375 0.7194444437499999 0.14609375 0.7388888890625 0.1453125 0.7513888890625 0.17734375 0.7819444437499999 0.1828125 0.7708333328125 0.1828125 0.7402777781250001
1 0.41875 0.5375 0.42421875 0.5291666671875 0.4234375 0.5125 0.4078125 0.4888888890625 0.38125 0.4861111109375 0.3671875 0.5 0.35703125 0.534722221875 0.3546875 0.559722221875 0.36171875 0.5666666671875 0.39249999999999996 0.5416666671875 0.41875 0.5375
1 0.44375 0.5097222218749999 0.446875 0.5166666671875 0.4640625 0.5125 0.46953125 0.48055555625 0.45859375 0.45694444375 0.44296875 0.45555555625000005 0.43125 0.4583333328125 0.43125 0.46527777812500004 0.43515625 0.46805555625000006 0.44375 0.5097222218749999
1 0.5296875 0.527777778125 0.5328125 0.5208333328125 0.5328125 0.4888888890625 0.52109375 0.45694444375 0.48828125 0.45555555625000005 0.48125 0.4611111109375 0.471875 0.48472222187499997 0.4703125 0.5111111109375 0.48151041718750004 0.5125 0.49921875 0.534722221875 0.5296875 0.527777778125
1 0.52890625 0.46388888906250003 0.540625 0.4625 0.54140625 0.44305555625000004 0.53203125 0.40277777812500004 0.5046875 0.40694444374999994 0.49765625 0.41944444374999995 0.50546875 0.45 0.5171875 0.4513888890625 0.52890625 0.46388888906250003
1 0.60703125 0.3916666671875 0.60078125 0.36666666718749996 0.578125 0.3625 0.57109375 0.377777778125 0.57109375 0.3888888890625 0.58828125 0.3861111109375 0.603125 0.4138888890625 0.60703125 0.3916666671875
1 0.60078125 0.41111111093749997 0.59296875 0.3916666671875 0.571875 0.3888888890625 0.56328125 0.40694444374999994 0.5625 0.44166666718750003 0.5953125 0.44166666718750003 0.6015625 0.427777778125 0.60078125 0.41111111093749997
1 0.58359375 0.3611111109375 0.59296875 0.3611111109375 0.6015625 0.36666666718749996 0.603125 0.3763888890625 0.60703125 0.3736111109375 0.60703125 0.3583333328125 0.6015625 0.34444444375 0.55390625 0.34861111093749997 0.55625 0.3638888890625 0.56328125 0.3736111109375 0.571875 0.3736111109375 0.58359375 0.3611111109375
5 0.3125 0.5763888890625 0.26171875 0.59375 0.224609375 0.625 0.212890625 0.7048611109375 0.185546875 0.7326388890625 0.19140625 0.8888888890625 0.310546875 0.8958333328125001 0.357421875 0.815972221875 0.349609375 0.6631944437499999 0.3125 0.5763888890625
1 0.640625 0.7375 0.6703125 0.74444444375 0.696875 0.7361111109375 0.696875 0.7263888890625 0.684375 0.7 0.671875 0.6944444437499999 0.64453125 0.69305555625 0.61875 0.702777778125 0.61796875 0.722222221875 0.63046875 0.73055555625 0.63828125 0.7458333328125 0.640625 0.7375