1 0.3927083328125 0.7398148140624999 0.3994791671875 0.7240740734375 0.3984375 0.696296296875 0.3963541671875 0.6879629625 0.3890625 0.678703703125 0.36875 0.6824074078125 0.3567708328125 0.7046296296875 0.3546875 0.722222221875 0.3541666671875 0.7324074078125 0.3572916671875 0.7481481484375 0.3885416671875 0.7425925921875 0.3927083328125 0.7398148140624999
1 0.4635416671875 0.7324074078125 0.4635416671875 0.6953703703125 0.45989583281249996 0.68148148125 0.4557291671875 0.675 0.43541666718750005 0.6731481484375 0.4265625 0.6972222218749999 0.425 0.7083333328125 0.42552083281249997 0.7324074078125 0.42760416718750005 0.7388888890625 0.45989583281249996 0.7379629624999999 0.4635416671875 0.7324074078125
1 0.5203125 0.7138888890625 0.51875 0.69351851875 0.5203125 0.6879629625 0.515625 0.6805555562500001 0.5104166671875 0.6629629625 0.490625 0.6648148140625 0.48072916718750003 0.69351851875 0.4796875 0.7175925921874999 0.48229166718750005 0.7351851859375 0.51875 0.7333333328125 0.5203125 0.7138888890625
1 0.5875 0.7379629624999999 0.5911458328125 0.73055555625 0.5880208328125 0.69351851875 0.5786458328124999 0.6759259265625001 0.55625 0.6731481484375 0.5494791671875 0.684259259375 0.5505208328125 0.6879629625 0.5484375 0.696296296875 0.5479166671875 0.7175925921874999 0.5526041671875 0.7379629624999999 0.584375 0.7388888890625 0.5875 0.7379629624999999
1 0.41302083281249996 0.7046296296875 0.41979166718750005 0.6898148140625 0.41979166718750005 0.6620370375 0.41197916718750005 0.6509259265625 0.3916666671875 0.6546296296875 0.3854166671875 0.6703703703125 0.3859375 0.6759259265625001 0.3927083328125 0.6796296296875 0.4015625 0.70555555625 0.41302083281249996 0.7046296296875
1 0.4625 0.6925925921875 0.4713541671875 0.690740740625 0.4760416671875 0.6833333328125 0.475 0.6546296296875 0.46666666718750005 0.6388888890625 0.4484375 0.6388888890625 0.43645833281249996 0.6675925921875 0.43541666718750005 0.6731481484375 0.44739583281249995 0.671296296875 0.45729166718750003 0.6759259265625001 0.4625 0.6925925921875
1 0.5359375 0.665740740625 0.5364583328125 0.6537037031249999 0.5427083328125 0.6351851859375001 0.5526041671875 0.63055555625 0.5526041671875 0.6268518515625 0.5453125 0.61944444375 0.5333333328125 0.61944444375 0.5213541671875 0.6388888890625 0.5197916671875 0.65 0.5208333328125 0.665740740625 0.5333333328125 0.66851851875 0.5359375 0.665740740625
1 0.5510416671875 0.6759259265625001 0.5567708328125 0.671296296875 0.5729166671875 0.6703703703125 0.5755208328125 0.665740740625 0.5682291671875 0.6388888890625 0.5640625 0.6333333328124999 0.5442708328125 0.6333333328124999 0.5364583328125 0.6564814812499999 0.5369791671875 0.6759259265625001 0.540625 0.6925925921875 0.5458333328125 0.6879629625 0.5510416671875 0.6759259265625001
1 0.9578125 0.8601851859374999 0.9651041671874999 0.8398148140625 0.9739583328125001 0.8296296296874999 0.9880208328125001 0.797222221875 0.9921875 0.79444444375 0.9921875 0.7870370375 0.9854166671875 0.777777778125 0.9776041671875 0.7731481484375 0.9552083328125001 0.7731481484375 0.9390625 0.796296296875 0.9083333328125001 0.8055555562500001 0.9026041671874999 0.8148148140625 0.9010416671874999 0.8324074078124999 0.915625 0.8620370375 0.946875 0.8731481484374999 0.9578125 0.8601851859374999
1 0.40416666718750005 0.6509259265625 0.4067708328125 0.640740740625 0.41197916718750005 0.6379629625 0.415625 0.6537037031249999 0.4234375 0.6629629625 0.42552083281249997 0.6583333328125 0.42760416718750005 0.6416666671875 0.42291666718750004 0.61851851875 0.41979166718750005 0.6148148140624999 0.4036458328125 0.6148148140624999 0.396875 0.63055555625 0.3963541671875 0.6425925921875 0.3994791671875 0.646296296875 0.39791666718749996 0.65 0.40416666718750005 0.6509259265625
1 0.4760416671875 0.6379629625 0.4770833328125 0.6111111109375 0.47291666718750003 0.5990740734375 0.4578125 0.5990740734375 0.45104166718750005 0.6129629624999999 0.45104166718750005 0.6361111109375 0.465625 0.6370370375000001 0.4703125 0.640740740625 0.4760416671875 0.6379629625
1 0.45 0.60555555625 0.45 0.5916666671875 0.446875 0.5824074078125 0.43385416718750003 0.5768518515625 0.42760416718750005 0.5898148140624999 0.4270833328125 0.602777778125 0.4348958328125 0.6120370375 0.446875 0.6111111109375 0.45 0.60555555625
1 0.5317708328124999 0.5722222218749999 0.5260416671875 0.5601851859375 0.5135416671875 0.5601851859375 0.5104166671875 0.5675925921875 0.509375 0.5833333328125 0.5130208328125 0.5898148140624999 0.5328125 0.5879629625 0.5317708328124999 0.5722222218749999
5 0.6388888890625 0.5802469140625 0.5920138890625 0.5925925921874999 0.6024305562500001 0.7067901234375 0.6510416671875 0.8148148140625 0.71875 0.817901234375 0.730902778125 0.700617284375 0.6388888890625 0.5802469140625
4 0.5578125 0.54375 0.02578125 0.0578125
4 0.76875 0.5640625 0.01953125 0.0578125
4 0.68984375 0.53359375 0.0125 0.05234375
4 0.30234375 0.590625 0.015625 0.06015625
4 0.0546875 0.54453125 0.0171875 0.05546875