5 0.5555555562500001 0.6234567890625 0.4357638890625 0.61419753125 0.34375 0.719135803125 0.28125 0.9845679015625001 0.5052083328125 1 0.5694444437499999 0.8765432109375 0.5555555562500001 0.6234567890625
1 0.2671875 0.646296296875 0.2703125 0.665740740625 0.3307291671875 0.659259259375 0.3322916671875 0.5870370375 0.32760416718749996 0.5731481484375001 0.3125 0.5555555562500001 0.3104166671875 0.547222221875 0.2833333328125 0.55 0.2796875 0.5629629625 0.275 0.5694444437499999 0.271875 0.584259259375 0.2671875 0.590740740625 0.26875 0.6101851859375 0.2671875 0.646296296875
1 0.1541666671875 0.521296296875 0.1552083328125 0.5324074078125001 0.159375 0.5370370375 0.1697916671875 0.5333333328125 0.1744791671875 0.5175925921875 0.1770833328125 0.4861111109375 0.1703125 0.47407407343749997 0.1708333328125 0.4703703703125 0.1640625 0.46296296249999996 0.1380208328125 0.459259259375 0.11875 0.48981481406249994 0.11614583281249999 0.5018518515625 0.1223958328125 0.50555555625 0.1427083328125 0.503703703125 0.1541666671875 0.521296296875
1 0.1994791671875 0.5287037031249999 0.2046875 0.5351851859375001 0.2208333328125 0.5333333328125 0.2296875 0.5379629625 0.23958333281250002 0.5638888890625 0.24375 0.5648148140625 0.24635416718749997 0.5601851859375 0.2479166671875 0.5324074078125001 0.2453125 0.48981481406249994 0.2359375 0.46851851875 0.21197916718749998 0.4703703703125 0.19375 0.50555555625 0.19583333281249998 0.5138888890625 0.1927083328125 0.525 0.1932291671875 0.5324074078125001 0.1994791671875 0.5287037031249999
1 0.2828125 0.54351851875 0.315625 0.5453703703125 0.3234375 0.5398148140625 0.3302083328125 0.5416666671875 0.3333333328125 0.5166666671875 0.33125 0.5120370375000001 0.3260416671875 0.5120370375000001 0.3229166671875 0.502777778125 0.3234375 0.4981481484375 0.3182291671875 0.4916666671875 0.2833333328125 0.4953703703125 0.2776041671875 0.5046296296875 0.275 0.51944444375 0.275 0.5425925921875 0.278125 0.5601851859375 0.2828125 0.54351851875
1 0.1734375 0.47407407343749997 0.1776041671875 0.490740740625 0.1932291671875 0.4888888890625 0.1984375 0.48148148125 0.1994791671875 0.475 0.1984375 0.4453703703125 0.1890625 0.425 0.1776041671875 0.4240740734375 0.1536458328125 0.43055555625 0.1510416671875 0.44259259218749997 0.1385416671875 0.4546296296875 0.1385416671875 0.4611111109375 0.1546875 0.459259259375 0.1661458328125 0.46388888906250003 0.1734375 0.47407407343749997
1 0.2166666671875 0.4703703703125 0.2270833328125 0.46481481406249997 0.23802083281250003 0.46944444374999994 0.2484375 0.497222221875 0.246875 0.5018518515625 0.2515625 0.5111111109375 0.2557291671875 0.5120370375000001 0.25833333281250004 0.48981481406249994 0.25625 0.46388888906250003 0.25833333281250004 0.4583333328125 0.2494791671875 0.43148148124999997 0.2427083328125 0.4268518515625 0.2234375 0.42870370312499995 0.21770833281250002 0.434259259375 0.2130208328125 0.45277777812500003 0.20833333281250002 0.4620370375 0.20989583281250002 0.46944444374999994 0.2166666671875 0.4703703703125
1 0.29375 0.478703703125 0.3088541671875 0.475 0.3182291671875 0.477777778125 0.3255208328125 0.4879629625 0.3296875 0.4990740734375 0.3307291671875 0.497222221875 0.3328125 0.4620370375 0.3296875 0.44907407343749994 0.3192708328125 0.43055555625 0.29375 0.43055555625 0.2864583328125 0.44444444375 0.28125 0.46296296249999996 0.2828125 0.4888888890625 0.2854166671875 0.49351851875 0.29375 0.478703703125
1 0.20677083281250003 0.64351851875 0.21875 0.6398148140625 0.22760416718749998 0.64444444375 0.2359375 0.64351851875 0.23854166718749997 0.6268518515625 0.2401041671875 0.5722222218749999 0.2322916671875 0.5490740734374999 0.2265625 0.5398148140625 0.20625 0.5388888890625 0.1916666671875 0.54351851875 0.1890625 0.546296296875 0.1864583328125 0.5611111109375 0.1796875 0.58055555625 0.1770833328125 0.603703703125 0.1776041671875 0.6388888890625 0.18125 0.6490740734375 0.2015625 0.6490740734375 0.20677083281250003 0.64351851875
1 0.134375 0.6388888890625 0.134375 0.5981481484375 0.1317708328125 0.578703703125 0.1171875 0.553703703125 0.1015625 0.55 0.0838541671875 0.55648148125 0.07552083281250001 0.5666666671875 0.0666666671875 0.5944444437499999 0.059375 0.6046296296875 0.055208332812500004 0.6361111109375 0.0557291671875 0.66944444375 0.05989583281250001 0.6777777781250001 0.1223958328125 0.66944444375 0.134375 0.6388888890625
1 0.13125 0.5722222218749999 0.1338541671875 0.5888888890625 0.1421875 0.5944444437499999 0.15 0.590740740625 0.15625 0.5648148140625 0.1541666671875 0.525 0.1458333328125 0.509259259375 0.12291666718750001 0.5083333328124999 0.10729166718750001 0.5148148140625 0.0958333328125 0.5398148140625 0.0958333328125 0.547222221875 0.11145833281249999 0.5481481484375 0.1208333328125 0.5546296296875 0.13125 0.5722222218749999
1 0.20416666718749998 0.43148148124999997 0.2088541671875 0.41203703750000004 0.20677083281250003 0.3925925921875 0.2036458328125 0.38333333281250004 0.1984375 0.378703703125 0.20052083281250002 0.372222221875 0.1979166671875 0.36944444375 0.1760416671875 0.3703703703125 0.1692708328125 0.38055555625 0.1630208328125 0.4 0.1640625 0.40833333281249995 0.1836458328125 0.40648148125 0.1942708328125 0.4240740734375 0.20416666718749998 0.43148148124999997
1 0.2114583328125 0.3981481484375 0.2203125 0.397222221875 0.2244791671875 0.36851851875 0.22239583281250003 0.3490740734375 0.2171875 0.33703703749999997 0.2046875 0.3361111109375 0.1927083328125 0.3453703703125 0.18697916718750002 0.36296296250000004 0.203125 0.36851851875 0.2088541671875 0.38055555625 0.2114583328125 0.3981481484375
1 0.2671875 0.3916666671875 0.26875 0.3851851859375 0.2682291671875 0.35648148125 0.2604166671875 0.3398148140625 0.24375 0.34444444375 0.2375 0.3574074078125 0.2359375 0.3703703703125 0.23541666718749998 0.3879629625 0.2390625 0.396296296875 0.25 0.3916666671875 0.2671875 0.3916666671875
1 0.2046875 0.3333333328125 0.20625 0.32685185156249996 0.20572916718749998 0.31944444375000003 0.1979166671875 0.3101851859375 0.1875 0.3120370375 0.1828125 0.3240740734375 0.1828125 0.3361111109375 0.1854166671875 0.3398148140625 0.1973958328125 0.33888888906250003 0.2046875 0.3333333328125
1 0.259375 0.3083333328125 0.2479166671875 0.30740740781250003 0.24375 0.31944444375000003 0.24375 0.33703703749999997 0.2635416671875 0.3351851859375 0.2635416671875 0.3203703703125 0.259375 0.3083333328125
5 0.2833333328125 0.3083333328125 0.2864583328125 0.2953703703125 0.2838541671875 0.2740740734375 0.2796875 0.26944444375 0.2713541671875 0.26944444375 0.2677083328125 0.275 0.2666666671875 0.29444444375 0.2682291671875 0.30648148124999997 0.2703125 0.309259259375 0.2833333328125 0.3083333328125