5 0.553125 0.67578125 0.20390625 0.4609375
1 0.275 0.5638888890625 0.271875 0.5824074078125 0.26614583281250004 0.590740740625 0.2682291671875 0.5944444437499999 0.2666666671875 0.625 0.26875 0.6638888890625 0.2713541671875 0.6675925921875 0.3296875 0.6629629625 0.33125 0.6509259265625 0.3307291671875 0.5981481484375 0.3328125 0.5879629625 0.3307291671875 0.5620370375 0.3270833328125 0.5583333328125 0.3296875 0.5509259265625001 0.3234375 0.5620370375 0.3177083328125 0.5574074078125 0.3145833328125 0.547222221875 0.2927083328125 0.547222221875 0.2791666671875 0.540740740625 0.2765625 0.54444444375 0.28125 0.547222221875 0.28177083281250004 0.5527777781250001 0.2796875 0.5601851859375 0.275 0.5638888890625
1 0.21354166718749998 0.6388888890625 0.23541666718749998 0.6388888890625 0.2390625 0.6111111109375 0.23958333281250002 0.5953703703125 0.23802083281250003 0.5916666671875 0.2401041671875 0.5722222218749999 0.234375 0.565740740625 0.23333333281250002 0.5555555562500001 0.225 0.5398148140625 0.1911458328125 0.54351851875 0.18020833281249998 0.577777778125 0.1770833328125 0.6009259265625 0.1770833328125 0.634259259375 0.18020833281249998 0.6481481484375 0.2010416671875 0.6490740734375 0.21354166718749998 0.6388888890625
1 0.1276041671875 0.6490740734375 0.134375 0.6388888890625 0.134375 0.597222221875 0.1307291671875 0.5740740734374999 0.121875 0.5583333328125 0.11614583281249999 0.553703703125 0.1015625 0.5509259265625001 0.0838541671875 0.5555555562500001 0.075 0.5666666671875 0.065625 0.5944444437499999 0.058854167187499994 0.6046296296875 0.058854167187499994 0.621296296875 0.055208332812500004 0.6370370375000001 0.055208332812500004 0.6629629625 0.05989583281250001 0.6777777781250001 0.12291666718750001 0.66944444375 0.1276041671875 0.6490740734375
1 0.225 0.5370370375 0.2296875 0.5416666671875 0.2375 0.5620370375 0.24375 0.5638888890625 0.24635416718749997 0.559259259375 0.2479166671875 0.5370370375 0.2453125 0.5231481484375 0.24635416718749997 0.497222221875 0.2364583328125 0.46944444374999994 0.20989583281250002 0.46944444374999994 0.1994791671875 0.4981481484375 0.1927083328125 0.50555555625 0.1942708328125 0.5120370375000001 0.1916666671875 0.527777778125 0.1927083328125 0.5379629625 0.225 0.5370370375
1 0.1177083328125 0.5546296296875 0.128125 0.5694444437499999 0.1338541671875 0.5916666671875 0.14010416718750002 0.5944444437499999 0.1463541671875 0.5944444437499999 0.1494791671875 0.590740740625 0.1552083328125 0.575 0.15677083281249998 0.5601851859375 0.1541666671875 0.525 0.146875 0.5083333328124999 0.1421875 0.5046296296875 0.1088541671875 0.5111111109375 0.0953125 0.54351851875 0.09114583281250001 0.5481481484375 0.09114583281250001 0.553703703125 0.0947916671875 0.55 0.109375 0.55 0.1177083328125 0.5546296296875
1 0.1458333328125 0.5074074078125 0.153125 0.521296296875 0.1578125 0.5379629625 0.16875 0.5351851859375001 0.175 0.5138888890625 0.1765625 0.48518518593750004 0.1692708328125 0.4675925921875 0.1625 0.4620370375 0.1369791671875 0.4601851859375 0.1302083328125 0.46944444374999994 0.1265625 0.4796296296875 0.11822916718750001 0.4888888890625 0.115625 0.497222221875 0.1177083328125 0.502777778125 0.1390625 0.503703703125 0.1458333328125 0.5074074078125
1 0.1661458328125 0.46388888906250003 0.1729166671875 0.471296296875 0.1776041671875 0.490740740625 0.1932291671875 0.4888888890625 0.1979166671875 0.4824074078125 0.1994791671875 0.47222222187499996 0.1984375 0.44629629687500005 0.1932291671875 0.4296296296875 0.1833333328125 0.42222222187499997 0.1697916671875 0.4240740734375 0.1619791671875 0.415740740625 0.1380208328125 0.4546296296875 0.1369791671875 0.4583333328125 0.1385416671875 0.4611111109375 0.1536458328125 0.4583333328125 0.1661458328125 0.46388888906250003
1 0.21197916718749998 0.4703703703125 0.22135416718749998 0.4675925921875 0.2375 0.4703703703125 0.2510416671875 0.509259259375 0.2552083328125 0.509259259375 0.25729166718749996 0.490740740625 0.2552083328125 0.465740740625 0.25729166718749996 0.45648148125 0.2536458328125 0.45370370312499997 0.2484375 0.43148148124999997 0.2286458328125 0.42870370312499995 0.2208333328125 0.4296296296875 0.21770833281250002 0.434259259375 0.21458333281250003 0.44907407343749994 0.2088541671875 0.4620370375 0.209375 0.46666666718750005 0.21197916718749998 0.4703703703125
1 0.3151041671875 0.4796296296875 0.3265625 0.497222221875 0.3265625 0.5046296296875 0.3302083328125 0.5138888890625 0.3333333328125 0.5018518515625 0.3302083328125 0.47407407343749997 0.3317708328125 0.4611111109375 0.3296875 0.4509259265625 0.3260416671875 0.44907407343749994 0.3182291671875 0.43148148124999997 0.2989583328125 0.43055555625 0.2901041671875 0.43518518593750005 0.2833333328125 0.4611111109375 0.2791666671875 0.4620370375 0.2854166671875 0.48425925937500003 0.3151041671875 0.4796296296875
1 0.18125 0.4138888890625 0.18802083281249998 0.415740740625 0.1927083328125 0.4240740734375 0.2015625 0.43055555625 0.2026041671875 0.4370370375 0.1994791671875 0.4388888890625 0.2010416671875 0.4453703703125 0.2052083328125 0.44259259218749997 0.2078125 0.4 0.20208333281250002 0.3879629625 0.1984375 0.36944444375 0.1776041671875 0.36944444375 0.1739583328125 0.372222221875 0.165625 0.39074074062499997 0.1630208328125 0.40277777812500004 0.1640625 0.41203703750000004 0.16875 0.4175925921875 0.18125 0.4138888890625
1 0.209375 0.3796296296875 0.20989583281250002 0.3925925921875 0.2125 0.3990740734375 0.2203125 0.397222221875 0.22395833281250002 0.371296296875 0.22239583281250003 0.3490740734375 0.21770833281250002 0.3379629625 0.21458333281250003 0.3351851859375 0.20416666718749998 0.3361111109375 0.1921875 0.3453703703125 0.1875 0.3638888890625 0.196875 0.3648148140625 0.2046875 0.371296296875 0.209375 0.3796296296875
1 0.2671875 0.3953703703125 0.2677083328125 0.3601851859375 0.2598958328125 0.34629629687499996 0.24322916718749998 0.34722222187499996 0.2359375 0.3611111109375 0.2348958328125 0.3879629625 0.2375 0.4 0.2510416671875 0.3925925921875 0.2671875 0.3953703703125
1 0.26510416718749996 0.325 0.2614583328125 0.3101851859375 0.2578125 0.30648148124999997 0.2479166671875 0.30648148124999997 0.2427083328125 0.31944444375000003 0.24375 0.3379629625 0.2619791671875 0.33703703749999997 0.2640625 0.334259259375 0.26510416718749996 0.325
4 0.38828125 0.3234375 0.02421875 0.109375
4 0.59609375 0.31875 0.02734375 0.08984375
4 0.721875 0.3765625 0.03203125 0.09921875