1 0.2713541671875 0.665740740625 0.306640625 0.6601851859375001 0.3265625 0.659259259375 0.3296875 0.6620370375 0.3317708328125 0.6583333328125 0.3322916671875 0.5944444437499999 0.32864583281250004 0.5722222218749999 0.3223958328125 0.5648148140625 0.3072916671875 0.5546296296875 0.2822916671875 0.55648148125 0.2755208328125 0.5666666671875 0.2734375 0.578703703125 0.2677083328125 0.5879629625 0.2692708328125 0.5944444437499999 0.2677083328125 0.6388888890625 0.26875 0.6574074078125001 0.2713541671875 0.665740740625
1 0.3125 0.54444444375 0.3161458328125 0.546296296875 0.3223958328125 0.5583333328125 0.3265625 0.5574074078125 0.32864583281250004 0.5629629625 0.3317708328125 0.5601851859375 0.3328125 0.547222221875 0.3302083328125 0.5129629625 0.325 0.5111111109375 0.3239583328125 0.497222221875 0.3213541671875 0.49351851875 0.284375 0.49444444374999996 0.2791666671875 0.5 0.2760416671875 0.51944444375 0.2760416671875 0.5453703703125 0.2786458328125 0.5611111109375 0.2848958328125 0.5425925921875 0.3125 0.54444444375
1 0.17239583281249998 0.46851851875 0.17916666718750002 0.48981481406249994 0.19479166718750002 0.48703703750000005 0.1994791671875 0.47407407343749997 0.1984375 0.44259259218749997 0.1895833328125 0.42314814843750004 0.1692708328125 0.4240740734375 0.1604166671875 0.43148148124999997 0.1541666671875 0.43148148124999997 0.1385416671875 0.45648148125 0.1385416671875 0.4611111109375 0.1546875 0.4583333328125 0.1677083328125 0.46296296249999996 0.17239583281249998 0.46851851875
1 0.1708333328125 0.5175925921875 0.1739583328125 0.5166666671875 0.1755208328125 0.5046296296875 0.1822916671875 0.4888888890625 0.1901041671875 0.4888888890625 0.1942708328125 0.48518518593750004 0.19375 0.4768518515625 0.1984375 0.4583333328125 0.19375 0.4388888890625 0.1953125 0.43518518593750005 0.19375 0.43055555625 0.1854166671875 0.4203703703125 0.1776041671875 0.4175925921875 0.17135416718750002 0.4203703703125 0.1692708328125 0.415740740625 0.1666666671875 0.4203703703125 0.1619791671875 0.4175925921875 0.15572916718750002 0.42314814843750004 0.1307291671875 0.4703703703125 0.1305416671875 0.474703703125 0.13333333281249998 0.47222222187499996 0.1520833328125 0.46944444374999994 0.1692708328125 0.502777778125 0.1692708328125 0.5166666671875 0.1708333328125 0.5175925921875
1 0.2390625 0.471296296875 0.24895833281250002 0.4953703703125 0.2484375 0.5018518515625 0.2515625 0.5111111109375 0.2557291671875 0.5129629625 0.2588541671875 0.490740740625 0.2578125 0.4620370375 0.259375 0.4546296296875 0.2484375 0.42870370312499995 0.2208333328125 0.4296296296875 0.2088541671875 0.4611111109375 0.20833333281250002 0.46481481406249997 0.2114583328125 0.4703703703125 0.2329427078125 0.46666666718750005 0.2390625 0.471296296875
1 0.3182291671875 0.48333333281249996 0.3239583328125 0.49259259218749996 0.3270833328125 0.4981481484375 0.3302083328125 0.5166666671875 0.3348958328125 0.5175925921875 0.3338541671875 0.48333333281249996 0.3317708328125 0.47592592656250005 0.3328125 0.4611111109375 0.3296875 0.4481481484375 0.3182291671875 0.4296296296875 0.30625 0.427777778125 0.2932291671875 0.43148148124999997 0.2875 0.44444444375 0.2838541671875 0.4611111109375 0.2833333328125 0.4861111109375 0.2848958328125 0.4888888890625 0.3104166671875 0.477777778125 0.3182291671875 0.48333333281249996
1 0.2114583328125 0.640740740625 0.2364583328125 0.6398148140625 0.2401041671875 0.6046296296875 0.23854166718749997 0.5851851859375 0.2401041671875 0.5722222218749999 0.23333333281250002 0.5518518515624999 0.2270833328125 0.540740740625 0.20572916718749998 0.5388888890625 0.1921875 0.54351851875 0.1796875 0.5796296296875 0.1770833328125 0.6046296296875 0.1796875 0.6481481484375 0.1932291671875 0.65 0.2114583328125 0.640740740625
1 0.1979166671875 0.5305555562500001 0.2036458328125 0.5361111109375 0.21354166718749998 0.5333333328125 0.2244791671875 0.5361111109375 0.2328125 0.5453703703125 0.23958333281250002 0.5638888890625 0.24375 0.565740740625 0.246875 0.5601851859375 0.2484375 0.5324074078125001 0.24635416718749997 0.5231481484375 0.24583333281250003 0.48981481406249994 0.2359375 0.4675925921875 0.2125 0.46851851875 0.19479166718750002 0.50555555625 0.19583333281249998 0.5138888890625 0.1921875 0.527777778125 0.1932291671875 0.5379629625 0.1979166671875 0.5305555562500001
1 0.1916666671875 0.4166666671875 0.2010416671875 0.44629629687500005 0.20572916718749998 0.44444444375 0.2109375 0.3925925921875 0.20989583281250002 0.38240740781250004 0.203125 0.36851851875 0.178125 0.36851851875 0.1666666671875 0.3879629625 0.1630208328125 0.40277777812500004 0.1640625 0.4074074078125 0.1833333328125 0.40555555625000006 0.1916666671875 0.4166666671875
1 0.2114583328125 0.378703703125 0.2125 0.3888888890625 0.2203125 0.396296296875 0.22395833281250002 0.3851851859375 0.2244791671875 0.3620370375 0.2234375 0.3490740734375 0.21770833281250002 0.33703703749999997 0.209375 0.3351851859375 0.1927083328125 0.3453703703125 0.18697916718750002 0.36296296250000004 0.1984375 0.3648148140625 0.20598958281250002 0.3708333328125 0.2114583328125 0.378703703125
1 0.2510416671875 0.3953703703125 0.2630208328125 0.4 0.2671875 0.3981481484375 0.26875 0.3648148140625 0.2604166671875 0.3481481484375 0.24322916718749998 0.3481481484375 0.23541666718749998 0.3648148140625 0.2348958328125 0.39074074062499997 0.23697916718749998 0.4018518515625 0.240625 0.40277777812500004 0.2510416671875 0.3953703703125
1 0.128125 0.6509259265625 0.1354166671875 0.6379629625 0.1348958328125 0.597222221875 0.13229166718750002 0.5796296296875 0.1223958328125 0.5583333328125 0.11145833281249999 0.5509259265625001 0.0973958328125 0.547222221875 0.0838541671875 0.55648148125 0.07552083281250001 0.5675925921875 0.0671875 0.5953703703125 0.05989583281250001 0.602777778125 0.058854167187499994 0.6074074078125 0.055208332812500004 0.6546296296875 0.060416667187499995 0.6768518515624999 0.12395833281249999 0.66944444375 0.128125 0.6509259265625
1 0.1291666671875 0.56851851875 0.134375 0.5898148140624999 0.1375 0.5935185187500001 0.15 0.5916666671875 0.1578125 0.5703703703125 0.15677083281249998 0.5351851859375001 0.1541666671875 0.5203703703125 0.1453125 0.50555555625 0.1130208328125 0.5083333328124999 0.1078125 0.5120370375000001 0.0984375 0.534259259375 0.0979166671875 0.54444444375 0.1135416671875 0.5490740734374999 0.1234375 0.5574074078125 0.1291666671875 0.56851851875
1 0.2645833328125 0.321296296875 0.2588541671875 0.3083333328125 0.2479166671875 0.30740740781250003 0.2442708328125 0.31851851875000003 0.24322916718749998 0.328703703125 0.24479166718749998 0.3379629625 0.2645833328125 0.334259259375 0.2645833328125 0.321296296875
5 0.4427083328125 0.3765432109375 0.43402777812500004 0.49382716093749995 0.4826388890625 0.6172839515625 0.5555555562500001 0.6172839515625 0.5399305562500001 0.43518518593750005 0.48784722187499996 0.354938271875 0.4427083328125 0.3765432109375
4 0.72109375 0.3703125 0.0359375 0.11484375