5 0.6015625 0.765625 0.24453125 0.46171875
1 0.509375 0.5148148140625 0.5114583328125 0.5203703703125 0.5307291671875001 0.515740740625 0.5333333328125 0.5129629625 0.5322916671875 0.5074074078125 0.5338541671875 0.503703703125 0.5385416671875001 0.5009259265625 0.5578125 0.5083333328124999 0.5671875 0.5074074078125 0.5729166671875 0.502777778125 0.5729166671875 0.48148148125 0.5682291671875 0.46296296249999996 0.5697916671875001 0.4509259265625 0.5635416671875 0.44351851875000003 0.5567708328125 0.42222222187499997 0.5484375 0.41018518593750003 0.5166666671875 0.41111111093749997 0.5109375 0.42314814843750004 0.5052083328125 0.45185185156249996 0.5052083328125 0.48425925937500003 0.5057291671875 0.48981481406249994 0.5098958328125 0.49629629687500004 0.509375 0.5148148140625
1 0.3994791671875 0.43518518593750005 0.3994791671875 0.41018518593750003 0.3958333328125 0.3925925921875 0.3890625 0.38333333281250004 0.384375 0.38055555625 0.3635416671875 0.38240740781250004 0.35208333281250004 0.3925925921875 0.340625 0.43055555625 0.340625 0.447222221875 0.3458333328125 0.4620370375 0.3885416671875 0.459259259375 0.3994791671875 0.43518518593750005
1 0 0.45277777812500003 0.0026041671875 0.465740740625 0.0067708328125 0.46944444374999994 0.0046875 0.509259259375 0.007291667187500001 0.5120370375000001 0.0114583328125 0.527777778125 0.0151041671875 0.584259259375 0.017708332812499998 0.5935185187500001 0.0234375 0.5953703703125 0.028125 0.5935185187500001 0.029166667187500002 0.5898148140624999 0.0307291671875 0.5490740734374999 0.0296875 0.527777778125 0.0229166671875 0.48148148125 0.021875 0.45185185156249996 0.0364583328125 0.43333333281249997 0.0364583328125 0.42314814843750004 0.0328125 0.3759259265625 0.029166667187500002 0.36666666718749996 0.0205729171875 0.36759259218749996 0.0109375 0.3425925921875 0.0161458328125 0.3379629625 0.0098958328125 0.28796296250000003 0.0114583328125 0.2518518515625 0.0140625 0.24444444375000002 0.0140625 0.2203703703125 0.0119791671875 0.21851851875 0.010416667187500001 0.21111111093749999 0.0119791671875 0.2046296296875 0.0098958328125 0.2009259265625 0.0140625 0.1620370375 0.013020832812499999 0.1268518515625 0.010416667187500001 0.1148148140625 0.0015625 0.1046296296875 0 0.1046296296875 0 0.45277777812500003
1 0.44635416718750004 0.30648148124999997 0.43854166718750004 0.303703703125 0.41979166718750005 0.30648148124999997 0.41041666718750003 0.3138888890625 0.4088541671875 0.31851851875000003 0.41822916718750003 0.322222221875 0.44895833281249997 0.31759259218749997 0.44635416718750004 0.30648148124999997
1 0.4 0.3768518515625 0.41510416718750004 0.36851851875 0.42760416718750005 0.371296296875 0.4408854171875 0.3611111109375 0.4505208328125 0.3583333328125 0.4536458328125 0.3398148140625 0.45104166718750005 0.3296296296875 0.43333333281249997 0.32777777812500003 0.3994791671875 0.3333333328125 0.3880208328125 0.34444444375 0.3864583328125 0.352777778125 0.3880208328125 0.36944444375 0.3921875 0.3759259265625 0.4 0.3768518515625
1 0.47447916718750005 0.3138888890625 0.48645833281249995 0.3138888890625 0.503125 0.3129629625 0.5067708328125 0.309259259375 0.5057291671875 0.2833333328125 0.49375 0.25648148125 0.47760416718750004 0.25555555625 0.47083333281249995 0.2601851859375 0.4713541671875 0.26851851875 0.4671875 0.2833333328125 0.4692708328125 0.3101851859375 0.47447916718750005 0.3138888890625
1 0.8880208328125001 0.3546296296875 0.9052083328125 0.35925925937500003 0.915625 0.35555555625 0.9197916671874999 0.3490740734375 0.9213541671875 0.340740740625 0.9182291671874999 0.3240740734375 0.8890625 0.3083333328125 0.8583333328125 0.3101851859375 0.8390625 0.328703703125 0.834375 0.33703703749999997 0.8354166671875 0.340740740625 0.8494791671874999 0.353703703125 0.8880208328125001 0.3546296296875
1 0.090625 0.465740740625 0.14114583281249998 0.4981481484375 0.1614583328125 0.4953703703125 0.1770833328125 0.4824074078125 0.1807291671875 0.47407407343749997 0.17916666718750002 0.4574074078125 0.17135416718750002 0.44907407343749994 0.146875 0.44444444375 0.13229166718750002 0.43333333281249997 0.1197916671875 0.42870370312499995 0.0953125 0.43055555625 0.05 0.4509259265625 0.0494791671875 0.46296296249999996 0.05208333281250001 0.465740740625 0.07083333281250001 0.4620370375 0.090625 0.465740740625
1 0.0401041671875 0.5268518515625 0.05208333281250001 0.522222221875 0.0609375 0.5231481484375 0.0739583328125 0.5351851859375001 0.07760416718749999 0.5351851859375001 0.0921875 0.5314814812499999 0.1020833328125 0.5240740734375 0.13125 0.5175925921875 0.1375 0.5138888890625 0.140625 0.50555555625 0.1385416671875 0.4990740734375 0.128125 0.4861111109375 0.1145833328125 0.4824074078125 0.10364583281249999 0.4731481484375 0.0901041671875 0.4675925921875 0.0760416671875 0.46388888906250003 0.0458333328125 0.46666666718750005 0.028125 0.475 0.025 0.48148148125 0.0276041671875 0.4916666671875 0.0270833328125 0.509259259375 0.0401041671875 0.5268518515625
1 0.225 0.4 0.21770833281250002 0.3916666671875 0.20208333281250002 0.39074074062499997 0.2036458328125 0.4018518515625 0.21197916718749998 0.4129629625 0.21614583281250002 0.41203703750000004 0.225 0.4
1 0.1692708328125 0.425 0.1817708328125 0.4268518515625 0.1838541671875 0.42314814843750004 0.1859375 0.4046296296875 0.1838541671875 0.38148148125 0.1817708328125 0.377777778125 0.1604166671875 0.378703703125 0.1442708328125 0.39074074062499997 0.1328125 0.3916666671875 0.1291666671875 0.3990740734375 0.1276041671875 0.4129629625 0.1307291671875 0.42129629687500003 0.15 0.4296296296875 0.1692708328125 0.425
4 0.57734375 0.2328125 0.034375 0.1125
4 0.69921875 0.221875 0.028125 0.1046875
4 0.84296875 0.2171875 0.03203125 0.1