1 0.5114583328125 0.5203703703125 0.5322916671875 0.515740740625 0.5447916671875 0.5046296296875 0.5651041671875 0.5074074078125 0.571875 0.5046296296875 0.5729166671875 0.5009259265625 0.5734375 0.4879629625 0.5677083328125 0.45370370312499997 0.5572916671875 0.42314814843750004 0.5489583328125 0.41018518593750003 0.5166666671875 0.41111111093749997 0.5104166671875 0.4240740734375 0.5052083328125 0.45 0.5057291671875 0.48981481406249994 0.5088541671875 0.497222221875 0.509375 0.5148148140625 0.5114583328125 0.5203703703125
1 0.3921875 0.45555555625000005 0.3994791671875 0.434259259375 0.3984375 0.4074074078125 0.3953125 0.39351851875 0.3890625 0.3888888890625 0.3880208328125 0.384259259375 0.3604166671875 0.38333333281250004 0.35208333281250004 0.3925925921875 0.340625 0.43055555625 0.340625 0.45 0.3453125 0.46296296249999996 0.3869791671875 0.459259259375 0.3921875 0.45555555625000005
1 0.41197916718750005 0.38333333281250004 0.4234375 0.372222221875 0.4380208328125 0.3648148140625 0.4401041671875 0.33888888906250003 0.43385416718750003 0.33055555625 0.4140625 0.33148148125 0.4057291671875 0.3351851859375 0.39895833281250004 0.3333333328125 0.3807291671875 0.3416666671875 0.3713541671875 0.3611111109375 0.3708333328125 0.36944444375 0.3770833328125 0.378703703125 0.3947916671875 0.384259259375 0.41197916718750005 0.38333333281250004
1 0.4984375 0.3148148140625 0.5104166671875 0.3120370375 0.5114583328125 0.303703703125 0.5072916671875001 0.27870370312500004 0.4984375 0.26203703749999996 0.4895833328125 0.2601851859375 0.47447916718750005 0.2666666671875 0.4703125 0.2870370375 0.47083333281249995 0.3018518515625 0.4739583328125 0.3129629625 0.4984375 0.3148148140625
1 0.11510416718750001 0.48148148125 0.1260416671875 0.48425925937500003 0.14010416718750002 0.4981481484375 0.1614583328125 0.49444444374999996 0.1765625 0.48148148125 0.18020833281249998 0.47407407343749997 0.178125 0.45555555625000005 0.17239583281249998 0.45 0.1630208328125 0.4453703703125 0.146875 0.44444444375 0.1213541671875 0.42870370312499995 0.0953125 0.43055555625 0.071875 0.44444444375 0.050520832812500006 0.4509259265625 0.0494791671875 0.459259259375 0.05208333281250001 0.465740740625 0.08072916718749999 0.4620370375 0.11510416718750001 0.48148148125
1 0.0557291671875 0.521296296875 0.065625 0.5240740734375 0.075 0.534259259375 0.0921875 0.5314814812499999 0.1010416671875 0.5259259265625 0.1307291671875 0.51851851875 0.1369791671875 0.5148148140625 0.14010416718750002 0.50648148125 0.1390625 0.5 0.1270833328125 0.48518518593750004 0.0760416671875 0.4620370375 0.0416666671875 0.4675925921875 0.0270833328125 0.47407407343749997 0.025 0.48333333281249996 0.0276041671875 0.5120370375000001 0.040625 0.5268518515625 0.0557291671875 0.521296296875
1 0.1859375 0.40277777812500004 0.1838541671875 0.38148148125 0.1817708328125 0.377777778125 0.1598958328125 0.378703703125 0.1453125 0.3898148140625 0.134375 0.39074074062499997 0.1291666671875 0.396296296875 0.1286458328125 0.41851851875 0.14791666718750002 0.4296296296875 0.18125 0.4240740734375 0.1859375 0.40277777812500004
1 0.8989583328125 0.35925925937500003 0.915625 0.35555555625 0.9208333328125 0.3425925921875 0.9197916671874999 0.32685185156249996 0.9166666671874999 0.322222221875 0.8885416671874999 0.3083333328125 0.8572916671874999 0.3111111109375 0.8359375 0.334259259375 0.8359375 0.340740740625 0.8463541671874999 0.352777778125 0.8776041671874999 0.3518518515625 0.8989583328125 0.35925925937500003
5 0.659375 0.53046875 0.11796875 0.32890625
4 0.5796875 0.23046875 0.02890625 0.0984375
4 0.6984375 0.2265625 0.03515625 0.10546875
4 0.8453125 0.21875 0.028125 0.11796875
3 0.94765625 0.51015625 0.025 0.0984375
3 0.978125 0.52109375 0.0234375 0.10234375
3 0.20390625 0.55859375 0.03046875 0.10625