1 0.5453125 0.50555555625 0.5609375 0.5083333328124999 0.5708333328124999 0.50555555625 0.5729166671875 0.5018518515625 0.5734375 0.4888888890625 0.5677083328125 0.45694444375 0.5682291671875 0.4509259265625 0.5578125 0.4240740734375 0.5484375 0.41018518593750003 0.5166666671875 0.41111111093749997 0.5104166671875 0.4240740734375 0.5052083328125 0.4509259265625 0.5052083328125 0.48425925937500003 0.5109375 0.5203703703125 0.5322916671875 0.5166666671875 0.5453125 0.50555555625
1 0.3932291671875 0.4574074078125 0.39895833281250004 0.43518518593750005 0.39791666718749996 0.40648148125 0.3916666671875 0.3916666671875 0.38229166718749996 0.3916666671875 0.3729166671875 0.384259259375 0.3572916671875 0.384259259375 0.3484375 0.40092592656250003 0.3411458328125 0.4296296296875 0.3411458328125 0.45 0.3458333328125 0.46481481406249997 0.3875 0.4620370375 0.3932291671875 0.4574074078125
1 0.5135416671875 0.334259259375 0.5135416671875 0.32777777812500003 0.5098958328125 0.3231481484375 0.5036458328125 0.32777777812500003 0.4765625 0.32777777812500003 0.475 0.3296296296875 0.478125 0.340740740625 0.509375 0.33888888906250003 0.5135416671875 0.334259259375
1 0.5135416671875 0.3111111109375 0.5088541671875 0.2870370375 0.5005208328124999 0.272222221875 0.4859375 0.271296296875 0.47864583281249995 0.275 0.47239583281249997 0.29351851875 0.4739583328125 0.3111111109375 0.478125 0.31759259218749997 0.5098958328125 0.31759259218749997 0.5135416671875 0.3111111109375
1 0.090625 0.465740740625 0.140625 0.4981481484375 0.1604166671875 0.4953703703125 0.1770833328125 0.4824074078125 0.18020833281249998 0.475 0.1796875 0.459259259375 0.1734375 0.4509259265625 0.1661458328125 0.44629629687500005 0.1458333328125 0.44351851875000003 0.125 0.4296296296875 0.09322916718749999 0.43148148124999997 0.0692708328125 0.4453703703125 0.051041667187499994 0.45 0.05 0.4620370375 0.05208333281250001 0.465740740625 0.0666666671875 0.46296296249999996 0.090625 0.465740740625
1 0.0770833328125 0.5351851859375001 0.103125 0.525 0.1265625 0.521296296875 0.1380208328125 0.5138888890625 0.14010416718750002 0.50555555625 0.1385416671875 0.4990740734375 0.1286458328125 0.4861111109375 0.1140625 0.48055555625 0.09895833281250001 0.46944444374999994 0.075 0.46388888906250003 0.0453125 0.46666666718750005 0.025 0.47407407343749997 0.0276041671875 0.5129629625 0.040625 0.527777778125 0.0614583328125 0.5240740734375 0.0770833328125 0.5351851859375001
1 0.225 0.4 0.21770833281250002 0.3916666671875 0.2015625 0.3916666671875 0.2052083328125 0.403703703125 0.2125 0.409259259375 0.21614583281250002 0.409259259375 0.225 0.4
1 0.1822916671875 0.4240740734375 0.1864583328125 0.4 0.1817708328125 0.3768518515625 0.1604166671875 0.378703703125 0.140277778125 0.39074074062499997 0.134375 0.39074074062499997 0.1291666671875 0.397222221875 0.1276041671875 0.4074074078125 0.1286458328125 0.41851851875 0.1473958328125 0.4296296296875 0.1822916671875 0.4240740734375
1 0.9046875 0.35925925937500003 0.915625 0.35555555625 0.9208333328125 0.3416666671875 0.9197916671874999 0.32685185156249996 0.9171875 0.322222221875 0.8890625 0.3083333328125 0.8609375 0.309259259375 0.8432291671875 0.3240740734375 0.8328125 0.328703703125 0.8291666671875 0.32592592656249997 0.8296875 0.33703703749999997 0.8463541671874999 0.352777778125 0.8822916671875 0.352777778125 0.9046875 0.35925925937500003
5 0.68125 0.6015625 0.17890625 0.49765625
4 0.578125 0.234375 0.0359375 0.11640625
4 0.69765625 0.22890625 0.0296875 0.11328125
4 0.84453125 0.22109375 0.03046875 0.103125