1 0.5015625 0.4018518515625 0.5416666671875 0.40092592656250003 0.5442708328125 0.38333333281250004 0.5390625 0.3546296296875 0.5296875 0.3351851859375 0.5197916671875 0.325 0.5067708328125 0.3231481484375 0.5015625 0.3231481484375 0.4953125 0.3333333328125 0.49322916718750004 0.352777778125 0.490625 0.3574074078125 0.490625 0.3731481484375 0.5015625 0.4018518515625
1 0.45520833281249995 0.384259259375 0.45885416718750005 0.38055555625 0.4635416671875 0.35648148125 0.45520833281249995 0.3296296296875 0.4453125 0.3120370375 0.4291666671875 0.309259259375 0.4244791671875 0.3129629625 0.41510416718750004 0.3324074078125 0.41510416718750004 0.3574074078125 0.41822916718750003 0.372222221875 0.425 0.384259259375 0.45520833281249995 0.384259259375
1 0.49010416718750005 0.33055555625 0.49895833281249996 0.3240740734375 0.4994791671875 0.303703703125 0.49635416718750003 0.28611111093749997 0.49427083281249995 0.2768518515625 0.4869791671875 0.2666666671875 0.48229166718750005 0.2629629625 0.4640625 0.2648148140625 0.4604166671875 0.2703703703125 0.4578125 0.284259259375 0.45729166718750003 0.3111111109375 0.4609375 0.328703703125 0.46666666718750005 0.3324074078125 0.49010416718750005 0.33055555625
1 0.4145833328125 0.33148148125 0.428125 0.3101851859375 0.42760416718750005 0.29444444375 0.4145833328125 0.25740740781250004 0.39010416718749996 0.25740740781250004 0.3880208328125 0.259259259375 0.3859375 0.2768518515625 0.3869791671875 0.3138888890625 0.390625 0.32592592656249997 0.3953125 0.3324074078125 0.4145833328125 0.33148148125
1 0.3869791671875 0.24259259218749998 0.390625 0.23333333281250002 0.4036458328125 0.22777777812500002 0.3927083328125 0.2166666671875 0.38333333281250004 0.2175925921875 0.3796875 0.221296296875 0.375 0.23518518593749999 0.37447916718749996 0.252777778125 0.3817708328125 0.25555555625 0.3880208328125 0.2518518515625 0.3869791671875 0.24259259218749998
1 0.3880208328125 0.26574074062499997 0.3953125 0.25648148125 0.415625 0.25555555625 0.4145833328125 0.246296296875 0.4078125 0.23148148124999998 0.4 0.2259259265625 0.3885416671875 0.22685185156249998 0.3859375 0.23148148124999998 0.3875 0.23611111093749998 0.3838541671875 0.2518518515625 0.3880208328125 0.259259259375 0.3880208328125 0.26574074062499997
1 0.4578125 0.24907407343750002 0.45625 0.22407407343750002 0.446875 0.20833333281250002 0.43645833281249996 0.2046296296875 0.43125 0.20648148125 0.42604166718750003 0.222222221875 0.4244791671875 0.2453703703125 0.42864583281249996 0.25740740781250004 0.4515625 0.25833333281250004 0.4578125 0.24907407343750002
1 0.5197916671875 0.225 0.5192708328125 0.21203703749999997 0.515625 0.2 0.49791666718750005 0.1990740734375 0.49322916718750004 0.2046296296875 0.4916666671875 0.21203703749999997 0.490625 0.22407407343750002 0.49583333281249997 0.2296296296875 0.5171875 0.23055555625 0.5197916671875 0.225
1 0.4140625 0.2175925921875 0.4291666671875 0.2138888890625 0.4322916671875 0.2046296296875 0.4302083328125 0.1888888890625 0.425 0.18055555625 0.41979166718750005 0.177777778125 0.40989583281249997 0.1824074078125 0.40625 0.20555555625 0.40260416718750003 0.2101851859375 0.403125 0.2148148140625 0.4140625 0.2175925921875
5 0.13203125 0.53828125 0.2640625 0.3203125
3 0.221875 0.4125 0.02890625 0.09296875
3 0.86171875 0.41796875 0.0171875 0.0796875
3 0.88984375 0.43515625 0.01875 0.07421875
3 0.95234375 0.4734375 0.028125 0.09453125
3 0.98671875 0.459375 0.021875 0.0890625
3 0.871875 0.334375 0.0265625 0.0609375