5 0.640625 0.6111111109375 0.6232638890625 0.5709876546875 0.5694444437499999 0.5524691359375 0.1111111109375 0.43518518593750005 0.07986111093750001 0.44753086406250003 0.07291666718749999 0.51851851875 0.078125 0.6172839515625 0.609375 0.817901234375 0.65625 0.7530864187499999 0.640625 0.6111111109375
1 0.453125 0.384259259375 0.45885416718750005 0.377777778125 0.46197916718750004 0.35648148125 0.45416666718750004 0.3296296296875 0.44322916718750005 0.3120370375 0.42864583281249996 0.3101851859375 0.415625 0.33148148125 0.4171875 0.372222221875 0.421875 0.38240740781250004 0.4270833328125 0.3861111109375 0.453125 0.384259259375
1 0.5427083328125 0.3990740734375 0.5447916671875 0.38333333281250004 0.5390625 0.3574074078125 0.5276041671875 0.3333333328125 0.51875 0.325 0.509375 0.325 0.49791666718750005 0.3296296296875 0.49427083281249995 0.334259259375 0.49114583281249996 0.3453703703125 0.49010416718750005 0.375 0.5 0.403703703125 0.540625 0.403703703125 0.5427083328125 0.3990740734375
1 0.4135416671875 0.33148148125 0.428125 0.3083333328125 0.42395833281249995 0.2796296296875 0.41979166718750005 0.2666666671875 0.41302083281249996 0.25740740781250004 0.4015625 0.252777778125 0.3921875 0.253703703125 0.3869791671875 0.2675925921875 0.3859375 0.27777777812500004 0.3875 0.315740740625 0.390625 0.325 0.396875 0.3324074078125 0.4135416671875 0.33148148125
1 0.4921875 0.340740740625 0.496875 0.325 0.5098958328125 0.31759259218749997 0.5083333328124999 0.302777778125 0.5046875 0.2925925921875 0.4947916671875 0.2759259265625 0.4869791671875 0.26944444375 0.47291666718750003 0.2824074078125 0.4692708328125 0.2925925921875 0.4671875 0.3240740734375 0.47083333281249995 0.3490740734375 0.484375 0.3509259265625 0.4921875 0.340740740625
1 0.3880208328125 0.2370370375 0.396875 0.23148148124999998 0.396875 0.22685185156249998 0.3895833328125 0.221296296875 0.378125 0.22407407343750002 0.3739583328125 0.25740740781250004 0.37552083281250004 0.2601851859375 0.384375 0.2601851859375 0.3880208328125 0.2370370375
1 0.44114583281249997 0.27870370312500004 0.4505208328125 0.2824074078125 0.4625 0.28148148125 0.4703125 0.2796296296875 0.4734375 0.275 0.4703125 0.246296296875 0.46302083281249995 0.23055555625 0.45520833281249995 0.22407407343750002 0.446875 0.22314814843750003 0.44114583281249997 0.23240740781250002 0.440625 0.24444444375000002 0.4369791671875 0.2518518515625 0.4380208328125 0.271296296875 0.44114583281249997 0.27870370312500004
1 0.44166666718750003 0.27870370312500004 0.4505208328125 0.2824074078125 0.4713541671875 0.27870370312500004 0.47291666718750003 0.2731481484375 0.47083333281249995 0.25 0.46197916718750004 0.2296296296875 0.45520833281249995 0.22407407343750002 0.44635416718750004 0.22407407343750002 0.44166666718750003 0.23148148124999998 0.44166666718750003 0.240740740625 0.4375 0.2509259265625 0.4380208328125 0.2703703703125 0.44166666718750003 0.27870370312500004
1 0.3765625 0.1824074078125 0.3859375 0.177777778125 0.384375 0.146296296875 0.3765625 0.13981481406250001 0.3682291671875 0.146296296875 0.3630208328125 0.16944444375 0.3625 0.1925925921875 0.36666666718749996 0.197222221875 0.3734375 0.19444444375 0.3765625 0.1824074078125
1 0.3921875 0.2175925921875 0.3921875 0.196296296875 0.3859375 0.184259259375 0.3770833328125 0.184259259375 0.3708333328125 0.19537037031249999 0.3651041671875 0.21203703749999997 0.36666666718749996 0.2166666671875 0.37552083281250004 0.21944444375 0.3921875 0.2175925921875
1 0.42395833281249995 0.1851851859375 0.41875 0.16944444375 0.40989583281249997 0.16851851874999998 0.40416666718750005 0.177777778125 0.4015625 0.1925925921875 0.4036458328125 0.197222221875 0.4223958328125 0.19537037031249999 0.42395833281249995 0.1851851859375
1 0.484375 0.18148148125000002 0.4848958328125 0.16851851874999998 0.48072916718750003 0.1611111109375 0.471875 0.15925925937500002 0.46510416718750003 0.165740740625 0.46197916718750004 0.1768518515625 0.46458333281249997 0.1833333328125 0.4828125 0.184259259375 0.484375 0.18148148125000002