1 0.5442708328125 0.3925925921875 0.5442708328125 0.38333333281250004 0.5390625 0.35648148125 0.5244791671875 0.3296296296875 0.5177083328125 0.3240740734375 0.5010416671875 0.32592592656249997 0.4927083328125 0.3324074078125 0.49010416718750005 0.3425925921875 0.490625 0.3759259265625 0.5020833328125 0.40277777812500004 0.5416666671875 0.40092592656250003 0.5442708328125 0.3925925921875
1 0.4604166671875 0.38333333281250004 0.4640625 0.35648148125 0.45989583281249996 0.3416666671875 0.446875 0.3166666671875 0.44322916718750005 0.3129629625 0.428125 0.3120370375 0.4223958328125 0.31851851875000003 0.4171875 0.334259259375 0.41770833281249997 0.371296296875 0.4244791671875 0.38703703749999996 0.4557291671875 0.3879629625 0.4604166671875 0.38333333281250004
1 0.49427083281249995 0.32592592656249997 0.5119791671875 0.31759259218749997 0.5109375 0.30555555624999997 0.5072916671875001 0.29444444375 0.49791666718750005 0.27870370312500004 0.48645833281249995 0.26944444375 0.48229166718750005 0.28055555625 0.47291666718750003 0.2888888890625 0.4692708328125 0.29814814843750004 0.46875 0.34722222187499996 0.4739583328125 0.353703703125 0.4869791671875 0.352777778125 0.49427083281249995 0.32592592656249997
1 0.3942708328125 0.33148148125 0.40208333281249997 0.3333333328125 0.41770833281249997 0.3296296296875 0.428125 0.3101851859375 0.42395833281249995 0.28055555625 0.41510416718750004 0.25648148125 0.41197916718750005 0.253703703125 0.3916666671875 0.25555555625 0.3875 0.2629629625 0.3848958328125 0.27870370312500004 0.3854166671875 0.29907407343750003 0.3869791671875 0.3138888890625 0.3942708328125 0.33148148125
1 0.4703125 0.29351851875 0.47864583281249995 0.2824074078125 0.4765625 0.25555555625 0.4661458328125 0.2370370375 0.45 0.23518518593749999 0.44635416718750004 0.2379629625 0.440625 0.2509259265625 0.44166666718750003 0.2796296296875 0.4447916671875 0.2888888890625 0.45104166718750005 0.29444444375 0.4703125 0.29351851875
4 0.13046875 0.3765625 0.03984375 0.103125
3 0.95 0.4734375 0.01953125 0.09453125
3 0.9859375 0.4609375 0.02578125 0.07421875
3 0.87890625 0.4375 0.0203125 0.06953125
3 0.86171875 0.4109375 0.01953125 0.0671875
3 0.865625 0.35859375 0.0171875 0.07265625
3 0.93515625 0.35390625 0.02265625 0.08203125
3 0.20234375 0.375 0.0265625 0.0828125