2 0.6770833328125 0.6736111109375 0.6848958328125 0.659722221875 0.6940104171875 0.6041666671875 0.6796875 0.5486111109375 0.6692708328125 0.54398148125 0.6653645828125 0.5509259265625001 0.6653645828125 0.5648148140625 0.6510416671875 0.590277778125 0.6458333328125 0.6365740734374999 0.6328125 0.671296296875 0.6328125 0.696759259375 0.6432291671875 0.703703703125 0.6510416671875 0.6875 0.6770833328125 0.6736111109375
2 0.5598958328125 0.6620370375 0.5729166671875 0.6111111109375 0.5716145828125 0.5833333328125 0.5546875 0.5370370375 0.546875 0.5393518515625 0.52734375 0.590277778125 0.515625 0.6643518515625 0.5208333328125 0.696759259375 0.5325520828125 0.6759259265625001 0.5598958328125 0.6620370375
2 0.6223958328125 0.5740740734374999 0.625 0.5370370375 0.6171875 0.49768518593750005 0.6041666671875 0.4953703703125 0.5846354171875 0.527777778125 0.5794270828125 0.590277778125 0.5872395828125 0.597222221875 0.6158854171875 0.5925925921874999 0.6223958328125 0.5740740734374999
2 0.7890625 0.5555555562500001 0.7838541671875 0.5324074078125001 0.7721354171875 0.5138888890625 0.7669270828125 0.4768518515625 0.7565104171875 0.4791666671875 0.74609375 0.5324074078125001 0.7278645828125 0.5416666671875 0.7239583328125 0.5694444437499999 0.72265625 0.5833333328125 0.7278645828125 0.5949074078125001 0.7864583328125 0.5740740734374999 0.7890625 0.5555555562500001
2 0.4375 0.73148148125 0.4505208328125 0.6875 0.44921875 0.634259259375 0.4192708328125 0.578703703125 0.41015625 0.578703703125 0.3828125 0.678240740625 0.3763020828125 0.7268518515625 0.3815104171875 0.7523148140625 0.4296875 0.7268518515625 0.4375 0.73148148125
2 0.3958333328125 0.9675925921875 0.41015625 0.9675925921875 0.421875 0.9444444437499999 0.4479166671875 0.9421296296874999 0.4895833328125 0.902777778125 0.4973958328125 0.821759259375 0.4817708328125 0.8078703703125001 0.4752604171875 0.784722221875 0.4778645828125 0.740740740625 0.4700520828125 0.7384259265625001 0.4661458328125 0.7523148140625 0.4440104171875 0.766203703125 0.4375 0.7893518515625 0.41796875 0.8101851859375 0.3997395828125 0.8888888890625 0.4010416671875 0.9050925921875 0.390625 0.9398148140625 0.3919270828125 0.965277778125 0.3958333328125 0.9675925921875
2 0.1432291671875 0.7754629625 0.1575520828125 0.7870370375 0.1536458328125 0.766203703125 0.1614583328125 0.73148148125 0.1575520828125 0.6805555562500001 0.1341145828125 0.6273148140625 0.1197916671875 0.6296296296875 0.109375 0.6875 0.1067708328125 0.7476851859375 0.1145833328125 0.7754629625 0.1302083328125 0.7916666671875 0.1432291671875 0.7754629625
2 0.9986979171874999 0.965277778125 0.9986979171874999 0.75 0.9596354171874999 0.821759259375 0.9635416671874999 0.8981481484374999 0.98046875 0.9629629625 0.9934895828125001 0.9745370375 0.9986979171874999 0.965277778125
2 0.9986979171874999 0.6273148140625 0.9986979171874999 0.553240740625 0.9947916671874999 0.54398148125 0.9739583328125001 0.571759259375 0.9622395828125001 0.625 0.9609375 0.6851851859375 0.9674479171874999 0.6898148140625 0.9869791671874999 0.6643518515625 0.9986979171874999 0.6273148140625
2 0.21484375 0.3865740734375 0.23567708281250002 0.3888888890625 0.23697916718749998 0.34722222187499996 0.22005208281250002 0.3171296296875 0.21614583281250002 0.3356481484375 0.20442708281250002 0.3449074078125 0.20442708281250002 0.35648148125 0.21484375 0.3865740734375
2 0.1380208328125 0.516203703125 0.1380208328125 0.4861111109375 0.1145833328125 0.4236111109375 0.1067708328125 0.42592592656250006 0.09895833281250001 0.46296296249999996 0.09895833281250001 0.509259259375 0.1106770828125 0.54398148125 0.1223958328125 0.54398148125 0.1380208328125 0.516203703125
2 0.1653645828125 0.5046296296875 0.1731770828125 0.5231481484375 0.1770833328125 0.5208333328125 0.1783854171875 0.5023148140625 0.1653645828125 0.44444444375 0.1653645828125 0.4236111109375 0.1549479171875 0.4074074078125 0.1419270828125 0.40972222187499996 0.1380208328125 0.46296296249999996 0.1432291671875 0.48379629687500003 0.1510416671875 0.5 0.1653645828125 0.5046296296875
2 0.09635416718749999 0.45601851875 0.08333333281250001 0.391203703125 0.07552083281250001 0.38194444375000003 0.06510416718749999 0.41203703750000004 0.06380208281250001 0.4328703703125 0.07291666718749999 0.4791666671875 0.09244791718749999 0.5 0.09635416718749999 0.45601851875
2 0.0625 0.41898148125 0.07161458281250001 0.384259259375 0.05338541718749999 0.35648148125 0.046875 0.375 0.0442708328125 0.40277777812500004 0.05598958281250001 0.45601851875 0.06119791718749999 0.4513888890625 0.0625 0.41898148125
1 0.9140625 0.634259259375 0.9583333328125001 0.5763888890625 0.9674479171874999 0.5324074078125001 0.9661458328125001 0.5 0.9283854171874999 0.47453703750000004 0.8997395828125001 0.4699074078125 0.8528645828125001 0.5138888890625 0.8346354171874999 0.571759259375 0.8333333328125001 0.5995370375 0.83984375 0.6111111109375 0.8815104171874999 0.6319444437499999 0.9140625 0.634259259375
1 0.96875 0.384259259375 0.9505208328125001 0.43055555625 0.953125 0.46527777812500004 0.9986979171874999 0.4768518515625 0.9986979171874999 0.358796296875 0.96875 0.384259259375
1 0.1380208328125 0.44444444375 0.1458333328125 0.42592592656250006 0.1614583328125 0.4328703703125 0.171875 0.44907407343749994 0.20052083281250002 0.43981481406249995 0.20442708281250002 0.391203703125 0.1966145828125 0.3634259265625 0.1770833328125 0.3379629625 0.1653645828125 0.328703703125 0.140625 0.328703703125 0.109375 0.34722222187499996 0.1119791671875 0.4074074078125 0.1197916671875 0.41203703750000004 0.1302083328125 0.446759259375 0.1380208328125 0.44444444375
1 0.0455729171875 0.259259259375 0.0286458328125 0.23379629687499998 0.0013020828125 0.23148148124999998 0 0.328703703125 0.0481770828125 0.33101851875 0.05208333281250001 0.303240740625 0.0455729171875 0.259259259375
2 0.609375 0.4768518515625 0.6197916671875 0.45601851875 0.6158854171875 0.4236111109375 0.59375 0.43055555625 0.5755208328125 0.4050925921875 0.5677083328125 0.40277777812500004 0.5611979171875 0.41203703750000004 0.5546875 0.45601851875 0.5638020828125 0.4699074078125 0.5846354171875 0.46296296249999996 0.609375 0.4768518515625
2 0.1536458328125 0.9513888890625 0.1419270828125 0.9490740734375 0.1341145828125 0.9976851859375 0.1848958328125 0.9976851859375 0.18359375 0.983796296875 0.1536458328125 0.9513888890625
2 0.2643229171875 0.9976851859375 0.26171875 0.8634259265625 0.23567708281250002 0.8379629625 0.22526041718749998 0.8078703703125001 0.22395833281250002 0.7824074078125001 0.20442708281250002 0.7824074078125001 0.1979166671875 0.8171296296874999 0.171875 0.8356481484374999 0.1731770828125 0.8703703703125001 0.1888020828125 0.8981481484374999 0.2526041671875 0.9953703703125001 0.2643229171875 0.9976851859375
3 0.19453125 0.55703125 0.0453125 0.15390625
3 0.05546875 0.590625 0.06484375 0.1953125
3 0.13671875 0.5703125 0.03828125 0.09140625
3 0.71328125 0.446875 0.0390625 0.09765625
3 0.41875 0.3796875 0.03203125 0.121875