5 0.4205729171875 0.5023148140625 0.43359375 0.5115740734374999 0.4388020828125 0.5254629625 0.4466145828125 0.5254629625 0.4622395828125 0.490740740625 0.4661458328125 0.4074074078125 0.4466145828125 0.39351851875 0.4361979171875 0.375 0.390625 0.3865740734375 0.3736979171875 0.43981481406249995 0.3841145828125 0.5300925921874999 0.39453125 0.5370370375 0.4205729171875 0.5023148140625
5 0.546875 0.5856481484375 0.5572916671875 0.5856481484375 0.5716145828125 0.6041666671875 0.5794270828125 0.5833333328125 0.5859375 0.534722221875 0.5859375 0.48148148125 0.5911458328125 0.4791666671875 0.5872395828125 0.4583333328125 0.58984375 0.4236111109375 0.5846354171875 0.41203703750000004 0.58984375 0.39351851875 0.5846354171875 0.3703703703125 0.5247395828125 0.36805555624999997 0.5169270828125 0.375 0.515625 0.391203703125 0.5 0.40277777812500004 0.4973958328125 0.42129629687500003 0.49609375 0.48379629687500003 0.5342881937499999 0.4861111109375 0.5442708328125 0.515625 0.546875 0.5856481484375
1 0.6119791671875 0.6805555562500001 0.6106770828125 0.6921296296875 0.62890625 0.6851851859375 0.65625 0.696759259375 0.7018229171875 0.696759259375 0.7083333328125 0.6851851859375 0.70703125 0.625 0.6966145828125 0.58101851875 0.6848958328125 0.5601851859375 0.6419270828125 0.5601851859375 0.6276041671875 0.571759259375 0.6197916671875 0.608796296875 0.6015625 0.6481481484375 0.6028645828125 0.671296296875 0.6119791671875 0.6805555562500001
1 0.5533854171875 0.8333333328125001 0.5611979171875 0.733796296875 0.5546875 0.6921296296875 0.5442708328125 0.671296296875 0.5325520828125 0.6620370375 0.5247395828125 0.66898148125 0.5260416671875 0.784722221875 0.5208333328125 0.8541666671874999 0.5455729171875 0.8541666671874999 0.5533854171875 0.8333333328125001
2 0.1940104171875 0.9143518515625001 0.1770833328125 0.875 0.1653645828125 0.884259259375 0.1497395828125 0.972222221875 0.1575520828125 0.9976851859375 0.19921875 0.9976851859375 0.1940104171875 0.9143518515625001
2 0.20703125 0.9375 0.20442708281250002 0.98148148125 0.21744791718749998 0.9976851859375 0.24348958281250002 0.9490740734375 0.24088541718749998 0.83101851875 0.21875 0.7824074078125001 0.21223958281250002 0.7916666671875 0.20963541718749998 0.8194444437499999 0.20052083281250002 0.8449074078125 0.19921875 0.875 0.20572916718749998 0.8888888890625 0.20182291718749998 0.9004629625 0.20703125 0.9375
2 0.06510416718749999 0.9421296296874999 0.07161458281250001 0.928240740625 0.07161458281250001 0.9050925921875 0.06380208281250001 0.85648148125 0.05078125 0.821759259375 0.0403645828125 0.828703703125 0.0299479171875 0.8865740734375 0.02734375 0.9976851859375 0.06510416718749999 0.9976851859375 0.07291666718749999 0.972222221875 0.06510416718749999 0.9421296296874999
2 0.50390625 0.39351851875 0.50390625 0.36805555624999997 0.4947916671875 0.3449074078125 0.4895833328125 0.3449074078125 0.4830729171875 0.391203703125 0.4856770828125 0.42129629687500003 0.4934895828125 0.4375 0.50390625 0.39351851875
2 0.3528645828125 0.3379629625 0.3450520828125 0.3356481484375 0.3385416671875 0.35648148125 0.3359375 0.4050925921875 0.3463541671875 0.41898148125 0.35546875 0.3981481484375 0.3528645828125 0.3379629625
2 0.1471354171875 0.5671296296875 0.1458333328125 0.5069444437499999 0.09895833281250001 0.4953703703125 0.0859375 0.5208333328125 0.08333333281250001 0.5555555562500001 0.09114583281250001 0.571759259375 0.109375 0.5578703703125 0.1471354171875 0.5671296296875
1 0.4934895828125 0.25694444375000003 0.4921875 0.22916666718749998 0.4817708328125 0.20833333281250002 0.453125 0.21064814843750002 0.4348958328125 0.23379629687499998 0.4309895828125 0.2546296296875 0.4348958328125 0.2870370375 0.4700520828125 0.2824074078125 0.4934895828125 0.25694444375000003
1 0.5494791671875 0.22685185156249998 0.5390625 0.20370370312500002 0.5143229171875 0.20601851875000002 0.5026041671875 0.222222221875 0.4973958328125 0.2523148140625 0.4973958328125 0.29398148125 0.5364583328125 0.2824074078125 0.5442708328125 0.26851851875 0.5494791671875 0.22685185156249998
1 0.5 0.15277777812499999 0.4947916671875 0.134259259375 0.4752604171875 0.134259259375 0.4661458328125 0.1620370375 0.4661458328125 0.1898148140625 0.4765625 0.1898148140625 0.4921875 0.18055555625 0.5 0.15277777812499999
5 0.5520833328125 0.1643518515625 0.5677083328125 0.1481481484375 0.5677083328125 0.10185185156250001 0.5338541671875 0.10185185156250001 0.5260416671875 0.1203703703125 0.5247395828125 0.16898148125 0.5299479171875 0.1921296296875 0.5481770828125 0.1898148140625 0.5520833328125 0.1643518515625
5 0.6692708328125 0.5555555562500001 0.6809895828125 0.54398148125 0.69140625 0.5509259265625001 0.703125 0.590277778125 0.7083333328125 0.590277778125 0.7278645828125 0.5231481484375 0.73046875 0.45370370312499997 0.7239583328125 0.40046296249999996 0.7005208328125 0.3611111109375 0.6536458328125 0.35648148125 0.6263020828125 0.36805555624999997 0.6106770828125 0.42592592656250006 0.609375 0.4699074078125 0.6080729171875 0.578703703125 0.6119791671875 0.5949074078125001 0.6328125 0.5578703703125 0.6692708328125 0.5555555562500001