1 0.33203125 0.909722221875 0.3177083328125 0.8379629625 0.3020833328125 0.8009259265625 0.29296875 0.79398148125 0.2552083328125 0.79398148125 0.22265625 0.8078703703125001 0.19140625 0.8703703703125001 0.1692708328125 0.9745370375 0.1692708328125 0.9976851859375 0.3151041671875 0.9976851859375 0.3294270828125 0.965277778125 0.33203125 0.909722221875
1 0.30859375 0.6990740734374999 0.3098958328125 0.7569444437499999 0.3502604171875 0.7430555562500001 0.4140625 0.6226851859375 0.4192708328125 0.597222221875 0.3997395828125 0.5393518515625 0.3528645828125 0.54398148125 0.3359375 0.5694444437499999 0.3203125 0.6203703703125 0.30859375 0.6319444437499999 0.31640625 0.64351851875 0.30859375 0.6990740734374999
5 0.4075520828125 0.46527777812500004 0.4192708328125 0.4768518515625 0.4231770828125 0.4675925921875 0.48046875 0.4583333328125 0.4908854171875 0.428240740625 0.4921875 0.375 0.4986979171875 0.3541666671875 0.4908854171875 0.31944444375000003 0.48828125 0.2523148140625 0.4205729171875 0.25694444375000003 0.4036458328125 0.29398148125 0.4049479171875 0.359953703125 0.39453125 0.391203703125 0.40625 0.41203703750000004 0.4075520828125 0.46527777812500004
2 0.1171875 0.9120370375 0.1106770828125 0.9375 0.1171875 0.9976851859375 0.14453125 0.9976851859375 0.1549479171875 0.98148148125 0.1614583328125 0.953703703125 0.1575520828125 0.89351851875 0.1393229171875 0.8125 0.1236979171875 0.7986111109375 0.1171875 0.7824074078125001 0.1106770828125 0.803240740625 0.1184895828125 0.847222221875 0.1106770828125 0.891203703125 0.1171875 0.9120370375
2 0.23177083281250002 0.60648148125 0.2513020828125 0.590277778125 0.2526041671875 0.553240740625 0.24739583281250002 0.5023148140625 0.23567708281250002 0.490740740625 0.22786458281250002 0.5023148140625 0.22265625 0.527777778125 0.22265625 0.5879629625 0.22395833281250002 0.6018518515625 0.23177083281250002 0.60648148125
2 0.3372395828125 0.48842592656250006 0.3359375 0.42592592656250006 0.3268229171875 0.40277777812500004 0.3190104171875 0.4236111109375 0.3151041671875 0.4699074078125 0.3190104171875 0.5046296296875 0.3268229171875 0.509259259375 0.3372395828125 0.48842592656250006
2 0.1380208328125 0.8171296296874999 0.1380208328125 0.8055555562500001 0.1341145828125 0.7893518515625 0.1197916671875 0.777777778125 0.1080729171875 0.7824074078125001 0.10546875 0.8055555562500001 0.1028645828125 0.8796296296874999 0.1106770828125 0.8865740734375 0.1223958328125 0.8356481484374999 0.1380208328125 0.8171296296874999
1 0.7083333328125 0.634259259375 0.7161458328125 0.5949074078125001 0.6966145828125 0.5208333328125 0.6848958328125 0.5069444437499999 0.640625 0.509259259375 0.6106770828125 0.5856481484375 0.6171875 0.6273148140625 0.6640625 0.6226851859375 0.6979166671875 0.6388888890625 0.7083333328125 0.634259259375
5 0.5625 0.41796875 0.08046875 0.22421875
5 0.43515625 0.8109375 0.2171875 0.378125
5 0.646875 0.81640625 0.15625 0.3671875
5 0.6671875 0.41796875 0.10234375 0.19609375
2 0.1458333328125 0.5694444437499999 0.1497395828125 0.5509259265625001 0.1458333328125 0.5046296296875 0.1002604171875 0.49305555625 0.0859375 0.5208333328125 0.08463541718749999 0.5370370375 0.08333333281250001 0.5555555562500001 0.08984375 0.5694444437499999 0.109375 0.5578703703125 0.1458333328125 0.5694444437499999
2 0.5390625 0.141203703125 0.5325520828125 0.1226851859375 0.5286458328125 0.1365740734375 0.52734375 0.171296296875 0.5338541671875 0.18055555625 0.5403645828125 0.16898148125 0.5390625 0.141203703125