2 0.4114583328125 0.43981481406249995 0.4153645828125 0.4166666671875 0.4127604171875 0.3726851859375 0.3997395828125 0.3518518515625 0.3932291671875 0.3773148140625 0.3958333328125 0.4421296296875 0.4049479171875 0.446759259375 0.4114583328125 0.43981481406249995
2 0.2526041671875 0.7430555562500001 0.2578125 0.6851851859375 0.2552083328125 0.634259259375 0.24479166718749998 0.6018518515625 0.23567708281250002 0.60648148125 0.23567708281250002 0.6273148140625 0.22265625 0.659722221875 0.22916666718749998 0.7615740734374999 0.2526041671875 0.7430555562500001
2 0.2526041671875 0.5509259265625001 0.24609375 0.5 0.23046875 0.49305555625 0.22395833281250002 0.5254629625 0.22526041718749998 0.5995370375 0.23307291718749998 0.6041666671875 0.24739583281250002 0.5949074078125001 0.2526041671875 0.5509259265625001
1 0.5182291671875 0.34027777812500004 0.5182291671875 0.3009259265625 0.5052083328125 0.2708333328125 0.4661458328125 0.27777777812500004 0.4544270828125 0.3171296296875 0.4544270828125 0.375 0.484375 0.365740740625 0.5091145828125 0.3703703703125 0.5182291671875 0.34027777812500004
2 0.453125 0.25 0.4453125 0.25 0.4401041671875 0.266203703125 0.4388020828125 0.2916666671875 0.4466145828125 0.3148148140625 0.4544270828125 0.2986111109375 0.453125 0.25
2 0.5130208328125 0.178240740625 0.5052083328125 0.15972222187500001 0.5013020828125 0.19444444375 0.50390625 0.2199074078125 0.5091145828125 0.2199074078125 0.5130208328125 0.178240740625
1 0.4947916671875 0.134259259375 0.4752604171875 0.134259259375 0.4661458328125 0.15277777812499999 0.46484375 0.1898148140625 0.5 0.18055555625 0.5013020828125 0.1504629625 0.4947916671875 0.134259259375
2 0.5221354171875 0.134259259375 0.51953125 0.178240740625 0.5260416671875 0.1898148140625 0.53125 0.1481481484375 0.5221354171875 0.134259259375
2 0.1458333328125 0.5694444437499999 0.1484375 0.5046296296875 0.1419270828125 0.4791666671875 0.1302083328125 0.48148148125 0.1315104171875 0.490740740625 0.1119791671875 0.516203703125 0.09895833281250001 0.49305555625 0.08463541718749999 0.5324074078125001 0.08333333281250001 0.5578703703125 0.09114583281250001 0.5694444437499999 0.1080729171875 0.5578703703125 0.1458333328125 0.5694444437499999
1 0.6966145828125 0.6388888890625 0.7096354171875 0.634259259375 0.7135416671875 0.6226851859375 0.7109375 0.6018518515625 0.7174479171875 0.5879629625 0.6953125 0.516203703125 0.6861979171875 0.5069444437499999 0.6380208328125 0.5115740734374999 0.6197916671875 0.5833333328125 0.6158854171875 0.6180555562500001 0.6197916671875 0.6273148140625 0.65625 0.6203703703125 0.6966145828125 0.6388888890625
5 0.5640625 0.421875 0.075 0.215625
5 0.434375 0.80859375 0.228125 0.3828125
5 0.65 0.8203125 0.146875 0.35859375
5 0.6671875 0.4265625 0.09921875 0.2203125
1 0.5651041671875 0.134259259375 0.5416666671875 0.13888888906250002 0.5325520828125 0.17361111093749998 0.5338541671875 0.20601851875000002 0.5481770828125 0.20601851875000002 0.5546875 0.1550925921875 0.5651041671875 0.134259259375