5 0.57265625 0.371875 0.08125 0.1953125
5 0.6515625 0.65625 0.13125 0.28515625
5 0.6703125 0.36953125 0.10703125 0.17890625
5 0.51328125 0.5921875 0.13515625 0.359375
5 0.23828125 0.9976851859375 0.2565104171875 0.972222221875 0.2877604171875 0.891203703125 0.32421875 0.8865740734375 0.3268229171875 0.8634259265625 0.3424479171875 0.828703703125 0.3333333328125 0.6574074078125001 0.3255208328125 0.64351851875 0.2942708328125 0.6388888890625 0.22005208281250002 0.6550925921874999 0.171875 0.7384259265625001 0.16796875 0.8101851859375 0.15234375 0.8680555562500001 0.1549479171875 0.983796296875 0.171875 0.983796296875 0.1848958328125 0.9976851859375 0.23828125 0.9976851859375
1 0.3619791671875 0.6388888890625 0.3658854171875 0.6180555562500001 0.3815104171875 0.5995370375 0.3841145828125 0.5833333328125 0.3776041671875 0.5254629625 0.3684895828125 0.5046296296875 0.33203125 0.48842592656250006 0.3046875 0.5138888890625 0.2864583328125 0.5578703703125 0.2864583328125 0.6018518515625 0.3333333328125 0.641203703125 0.3619791671875 0.6388888890625
2 0.4856770828125 0.1990740734375 0.4778645828125 0.23148148124999998 0.4856770828125 0.28472222187499996 0.4934895828125 0.2800925921875 0.49609375 0.23379629687499998 0.4856770828125 0.1990740734375
2 0.5364583328125 0.23379629687499998 0.5338541671875 0.196759259375 0.5299479171875 0.1875 0.5234375 0.196759259375 0.5208333328125 0.22916666718749998 0.5234375 0.24305555625 0.5325520828125 0.25 0.5364583328125 0.23379629687499998
1 0.5442708328125 0.11342592656249999 0.5338541671875 0.13888888906250002 0.5325520828125 0.1666666671875 0.5481770828125 0.171296296875 0.5638020828125 0.11805555625 0.5442708328125 0.11342592656249999
1 0.5546875 0.8171296296874999 0.5403645828125 0.7546296296875 0.53125 0.7361111109375 0.5052083328125 0.7291666671875 0.50390625 0.9583333328125001 0.51171875 0.9583333328125001 0.5286458328125 0.9398148140625 0.5546875 0.8171296296874999
1 0.7161458328125 0.527777778125 0.703125 0.5 0.69921875 0.46527777812500004 0.6927083328125 0.4513888890625 0.640625 0.4583333328125 0.6328125 0.49768518593750005 0.62109375 0.51851851875 0.6223958328125 0.527777778125 0.7161458328125 0.527777778125
2 0.08723958281250001 0.8703703703125001 0.1171875 0.828703703125 0.1197916671875 0.803240740625 0.1184895828125 0.7430555562500001 0.1015625 0.703703703125 0.09114583281250001 0.703703703125 0.09114583281250001 0.722222221875 0.078125 0.7569444437499999 0.07942708281250001 0.8148148140625 0.08723958281250001 0.8703703703125001
2 0.16796875 0.7893518515625 0.1692708328125 0.7453703703125 0.1809895828125 0.7083333328125 0.1809895828125 0.6851851859375 0.1705729171875 0.671296296875 0.1692708328125 0.6574074078125001 0.1614583328125 0.6550925921874999 0.16015625 0.6805555562500001 0.14453125 0.703703703125 0.1393229171875 0.7546296296875 0.140625 0.803240740625 0.1471354171875 0.8125 0.16796875 0.7893518515625
2 0.19140625 0.5925925921874999 0.1809895828125 0.5925925921874999 0.1744791671875 0.6388888890625 0.1888020828125 0.703703703125 0.20442708281250002 0.6296296296875 0.19140625 0.5925925921874999
2 0.24088541718749998 0.6134259265625001 0.23958333281250002 0.5555555562500001 0.23046875 0.527777778125 0.22395833281250002 0.5300925921874999 0.22265625 0.5509259265625001 0.21354166718749998 0.5740740734374999 0.21875 0.6296296296875 0.24088541718749998 0.6134259265625001
2 0.3072916671875 0.48379629687500003 0.2942708328125 0.45370370312499997 0.2825520828125 0.48842592656250006 0.28125 0.5370370375 0.2864583328125 0.5509259265625001 0.3020833328125 0.5254629625 0.3072916671875 0.48379629687500003
2 0.3723958328125 0.4606481484375 0.3841145828125 0.4421296296875 0.3880208328125 0.41203703750000004 0.3815104171875 0.39351851875 0.3815104171875 0.3726851859375 0.3723958328125 0.36805555624999997 0.3684895828125 0.3773148140625 0.3619791671875 0.39351851875 0.36328125 0.4375 0.3671875 0.4583333328125 0.3723958328125 0.4606481484375
2 0.4440104171875 0.3356481484375 0.4401041671875 0.303240740625 0.4348958328125 0.296296296875 0.4270833328125 0.3009259265625 0.4231770828125 0.35648148125 0.4348958328125 0.3726851859375 0.4427083328125 0.35648148125 0.4440104171875 0.3356481484375
2 0.484375 0.2708333328125 0.4791666671875 0.25694444375000003 0.4700520828125 0.2615740734375 0.46875 0.3078703703125 0.4765625 0.3240740734375 0.4830729171875 0.3101851859375 0.484375 0.2708333328125
2 0.1328125 0.5671296296875 0.1471354171875 0.5625 0.1458333328125 0.5254629625 0.1393229171875 0.5138888890625 0.09895833281250001 0.49305555625 0.0859375 0.5208333328125 0.08333333281250001 0.5578703703125 0.09114583281250001 0.571759259375 0.109375 0.5578703703125 0.1328125 0.5671296296875