1 0.38671875 0.5833333328125 0.4153645828125 0.5740740734374999 0.4401041671875 0.5833333328125 0.4453125 0.5208333328125 0.46484375 0.4699074078125 0.4622395828125 0.44907407343749994 0.4205729171875 0.446759259375 0.4036458328125 0.4583333328125 0.3971354171875 0.48148148125 0.3854166671875 0.4953703703125 0.3893229171875 0.516203703125 0.38671875 0.5833333328125
1 0.1875 0.7361111109375 0.23046875 0.715277778125 0.2721354171875 0.7291666671875 0.2786458328125 0.7245370375 0.2903645828125 0.6805555562500001 0.3020833328125 0.6736111109375 0.3020833328125 0.553240740625 0.2903645828125 0.49768518593750005 0.23697916718749998 0.49305555625 0.20572916718749998 0.5300925921874999 0.1822916671875 0.5763888890625 0.171875 0.625 0.1744791671875 0.6944444437499999 0.1783854171875 0.7199074078125001 0.1875 0.7361111109375
1 0.4908854171875 0.3263888890625 0.4817708328125 0.2893518515625 0.4505208328125 0.2916666671875 0.4401041671875 0.3101851859375 0.43359375 0.34722222187499996 0.43359375 0.384259259375 0.4830729171875 0.3773148140625 0.4908854171875 0.3541666671875 0.4908854171875 0.3263888890625
1 0.2786458328125 0.9004629625 0.2864583328125 0.8981481484374999 0.2890625 0.8773148140625 0.3033854171875 0.85648148125 0.328125 0.7870370375 0.3776041671875 0.7708333328125 0.375 0.7199074078125001 0.3880208328125 0.6990740734374999 0.3841145828125 0.6921296296875 0.3515625 0.6921296296875 0.3151041671875 0.7013888890625 0.29296875 0.7569444437499999 0.27734375 0.7754629625 0.2838541671875 0.7916666671875 0.2721354171875 0.8449074078125 0.2734375 0.8865740734375 0.2786458328125 0.9004629625
1 0.5260416671875 0.29398148125 0.5338541671875 0.266203703125 0.5325520828125 0.2453703703125 0.5091145828125 0.2384259265625 0.4934895828125 0.25 0.4856770828125 0.2731481484375 0.484375 0.2916666671875 0.4973958328125 0.34027777812500004 0.5052083328125 0.3356481484375 0.5260416671875 0.29398148125
1 0.4947916671875 0.24305555625 0.4830729171875 0.20370370312500002 0.4700520828125 0.20370370312500002 0.453125 0.22453703749999998 0.44921875 0.26851851875 0.4557291671875 0.2824074078125 0.4817708328125 0.27777777812500004 0.4947916671875 0.24305555625
1 0.5572916671875 0.196759259375 0.5481770828125 0.171296296875 0.5325520828125 0.16898148125 0.5169270828125 0.18055555625 0.5169270828125 0.22916666718749998 0.5364583328125 0.23379629687499998 0.5546875 0.22453703749999998 0.5572916671875 0.196759259375
2 0.42734375 0.29921875 0.02265625 0.084375
2 0.4359375 0.2453125 0.02109375 0.08046875
5 0.5140625 0.62265625 0.12265625 0.35546875
5 0.66953125 0.5875 0.121875 0.25234375
5 0.6828125 0.340625 0.08984375 0.16484375
5 0.55859375 0.43671875 0.10078125 0.29453125
5 0.603125 0.178125 0.05625 0.1265625