1 0.3619791671875 0.634259259375 0.4088541671875 0.6319444437499999 0.4270833328125 0.641203703125 0.4427083328125 0.5949074078125001 0.4401041671875 0.5046296296875 0.4244791671875 0.4583333328125 0.3958333328125 0.4583333328125 0.3736979171875 0.4699074078125 0.3541666671875 0.5254629625 0.3450520828125 0.5300925921874999 0.3489583328125 0.5555555562500001 0.34375 0.6226851859375 0.3489583328125 0.6504629625 0.3619791671875 0.634259259375
2 0.23958333281250002 0.703703703125 0.2591145828125 0.66898148125 0.2578125 0.60648148125 0.2565104171875 0.5879629625 0.24609375 0.5648148140625 0.23046875 0.5648148140625 0.2265625 0.60648148125 0.22916666718749998 0.6805555562500001 0.234375 0.703703703125 0.23958333281250002 0.703703703125
2 0.2942708328125 0.659722221875 0.3111979171875 0.6273148140625 0.3111979171875 0.590277778125 0.3059895828125 0.54398148125 0.2981770828125 0.5254629625 0.2903645828125 0.534722221875 0.2838541671875 0.5671296296875 0.2838541671875 0.6226851859375 0.2890625 0.6550925921874999 0.2942708328125 0.659722221875
2 0.1458333328125 0.7569444437499999 0.1302083328125 0.7083333328125 0.1223958328125 0.70601851875 0.1184895828125 0.715277778125 0.1067708328125 0.7731481484375 0.1145833328125 0.8680555562500001 0.1354166671875 0.8634259265625 0.1432291671875 0.847222221875 0.1458333328125 0.7569444437499999
2 0.4075520828125 0.40972222187499996 0.4075520828125 0.35648148125 0.3997395828125 0.3425925921875 0.3919270828125 0.358796296875 0.3880208328125 0.40277777812500004 0.3919270828125 0.4236111109375 0.3971354171875 0.42592592656250006 0.4075520828125 0.40972222187499996
2 0.4205729171875 0.2916666671875 0.4153645828125 0.2708333328125 0.40625 0.2870370375 0.4049479171875 0.3125 0.4114583328125 0.3356481484375 0.4192708328125 0.3379629625 0.4205729171875 0.2916666671875
1 0.5481770828125 0.1620370375 0.5403645828125 0.1481481484375 0.5182291671875 0.15277777812499999 0.5078125 0.17361111093749998 0.5091145828125 0.21064814843750002 0.54296875 0.20601851875000002 0.5494791671875 0.196759259375 0.5481770828125 0.1620370375
5 0.675 0.6953125 0.1375 0.39296875
5 0.6875 0.26640625 0.0765625 0.14921875
5 0.61171875 0.22890625 0.06796875 0.18359375
5 0.5328125 0.65703125 0.109375 0.3375
5 0.43046875 0.8515625 0.18046875 0.2921875