2 0.25390625 0.625 0.2565104171875 0.571759259375 0.24739583281250002 0.5254629625 0.23307291718749998 0.5254629625 0.22135416718749998 0.5671296296875 0.22135416718749998 0.60648148125 0.23177083281250002 0.66898148125 0.24479166718749998 0.652777778125 0.25390625 0.625
2 0.40625 0.4606481484375 0.40234375 0.4074074078125 0.39453125 0.384259259375 0.3880208328125 0.384259259375 0.3828125 0.4143518515625 0.3802083328125 0.45370370312499997 0.3880208328125 0.490740740625 0.3932291671875 0.49305555625 0.40625 0.4606481484375
2 0.4947916671875 0.30555555624999997 0.4934895828125 0.266203703125 0.4856770828125 0.2523148140625 0.4778645828125 0.266203703125 0.4778645828125 0.303240740625 0.4817708328125 0.321759259375 0.4869791671875 0.3240740734375 0.4947916671875 0.30555555624999997
2 0.4856770828125 0.2546296296875 0.4700520828125 0.22453703749999998 0.46484375 0.22453703749999998 0.4596354171875 0.2453703703125 0.4609375 0.28472222187499996 0.46875 0.29398148125 0.4856770828125 0.2546296296875
2 0.5130208328125 0.11805555625 0.5104166671875 0.1226851859375 0.5065104171875 0.1481481484375 0.5143229171875 0.171296296875 0.5182291671875 0.1296296296875 0.5130208328125 0.11805555625
1 0.2825520828125 0.7013888890625 0.3203125 0.6875 0.3606770828125 0.6921296296875 0.38671875 0.6273148140625 0.3802083328125 0.5370370375 0.36328125 0.49768518593750005 0.3138020828125 0.509259259375 0.27734375 0.5856481484375 0.2799479171875 0.60648148125 0.2734375 0.652777778125 0.2760416671875 0.6851851859375 0.2825520828125 0.7013888890625
1 0.1770833328125 0.9976851859375 0.2421875 0.9976851859375 0.24088541718749998 0.9120370375 0.22526041718749998 0.8726851859375 0.20052083281250002 0.8611111109375 0.1549479171875 0.8634259265625 0.1315104171875 0.875 0.1119791671875 0.909722221875 0.1080729171875 0.928240740625 0.1614583328125 0.9236111109375 0.1731770828125 0.9351851859375 0.1770833328125 0.9976851859375
1 0.55859375 0.7986111109375 0.5364583328125 0.7245370375 0.5013020828125 0.7129629625 0.5052083328125 0.946759259375 0.5325520828125 0.91898148125 0.5481770828125 0.8634259265625 0.55859375 0.7986111109375
5 0.66015625 0.65859375 0.12578125 0.26796875
1 0.7161458328125 0.527777778125 0.6966145828125 0.46527777812500004 0.6861979171875 0.4513888890625 0.6419270828125 0.45601851875 0.640625 0.47453703750000004 0.6223958328125 0.5254629625 0.6315104171875 0.5324074078125001 0.7161458328125 0.527777778125
5 0.53203125 0.51328125 0.10703125 0.31484375
5 0.678125 0.38046875 0.0984375 0.20078125
2 0.1028645828125 0.5555555562500001 0.1341145828125 0.5671296296875 0.1471354171875 0.5625 0.1458333328125 0.5069444437499999 0.1328125 0.5069444437499999 0.1302083328125 0.49305555625 0.109375 0.5138888890625 0.1041666671875 0.4953703703125 0.09765625 0.49305555625 0.0859375 0.5208333328125 0.08333333281250001 0.5555555562500001 0.08723958281250001 0.5648148140625 0.09505208281250001 0.5671296296875 0.1028645828125 0.5555555562500001