1 0.7174479171875 0.7083333328125 0.75390625 0.7129629625 0.7682291671875 0.6805555562500001 0.7994791671875 0.64351851875 0.8111979171874999 0.6458333328125 0.8203125 0.6365740734374999 0.8255208328125001 0.615740740625 0.8268229171874999 0.5555555562500001 0.8125 0.5231481484375 0.7903645828125 0.509259259375 0.7473958328125 0.5138888890625 0.7109375 0.5509259265625001 0.6731770828125 0.6111111109375 0.6666666671875 0.634259259375 0.6653645828125 0.6620370375 0.6705729171875 0.678240740625 0.6809895828125 0.678240740625 0.7174479171875 0.7083333328125
1 0.7994791671875 0.902777778125 0.796875 0.884259259375 0.7747395828125 0.8541666671874999 0.7109375 0.8171296296874999 0.6809895828125 0.8171296296874999 0.6276041671875 0.8449074078125 0.6315104171875 0.8611111109375 0.5625 0.9976851859375 0.7864583328125 0.9976851859375 0.7994791671875 0.902777778125
2 0.3736979171875 0.95601851875 0.3697916671875 0.9074074078125 0.3736979171875 0.8634259265625 0.3528645828125 0.8009259265625 0.3450520828125 0.8009259265625 0.3255208328125 0.8611111109375 0.32421875 0.9375 0.3346354171875 0.9976851859375 0.3658854171875 0.9976851859375 0.3736979171875 0.95601851875
2 0.4388020828125 0.49768518593750005 0.4283854171875 0.44444444375 0.4114583328125 0.4375 0.3997395828125 0.4606481484375 0.3958333328125 0.4768518515625 0.3984375 0.5115740734374999 0.4309895828125 0.54398148125 0.4388020828125 0.49768518593750005
2 0.3020833328125 0.43055555625 0.2955729171875 0.36805555624999997 0.2890625 0.3518518515625 0.28125 0.3518518515625 0.2721354171875 0.36805555624999997 0.2721354171875 0.42129629687500003 0.27734375 0.4328703703125 0.296875 0.4421296296875 0.3020833328125 0.43055555625
2 0.08333333281250001 0.6180555562500001 0.1236979171875 0.6296296296875 0.1263020828125 0.571759259375 0.1028645828125 0.5046296296875 0.07942708281250001 0.4861111109375 0.078125 0.4953703703125 0.08723958281250001 0.5069444437499999 0.078125 0.5416666671875 0.08333333281250001 0.6180555562500001
2 0.1341145828125 0.48148148125 0.1158854171875 0.42592592656250006 0.1080729171875 0.43055555625 0.1015625 0.4606481484375 0.09895833281250001 0.4861111109375 0.1223958328125 0.5555555562500001 0.1341145828125 0.5370370375 0.1341145828125 0.48148148125
2 0.1796875 0.5023148140625 0.1627604171875 0.43055555625 0.1510416671875 0.4050925921875 0.1458333328125 0.40277777812500004 0.140625 0.4143518515625 0.13671875 0.46296296249999996 0.14453125 0.5 0.1770833328125 0.5254629625 0.1796875 0.5023148140625
2 0.234375 0.4328703703125 0.21744791718749998 0.3888888890625 0.203125 0.4143518515625 0.20052083281250002 0.46296296249999996 0.20572916718749998 0.48842592656250006 0.22916666718749998 0.5069444437499999 0.234375 0.4328703703125
2 0.4869791671875 0.3148148140625 0.4778645828125 0.3009259265625 0.46484375 0.30555555624999997 0.4544270828125 0.3356481484375 0.4583333328125 0.391203703125 0.4635416671875 0.391203703125 0.4700520828125 0.384259259375 0.4869791671875 0.3148148140625
2 0.2421875 0.2824074078125 0.23567708281250002 0.3009259265625 0.23958333281250002 0.3495370375 0.2552083328125 0.3518518515625 0.2526041671875 0.2893518515625 0.2421875 0.2824074078125
2 0.8307291671874999 0.891203703125 0.8294270828125001 0.858796296875 0.8424479171874999 0.8171296296874999 0.8489583328125001 0.766203703125 0.8372395828125001 0.740740740625 0.8372395828125001 0.722222221875 0.828125 0.722222221875 0.8098958328125001 0.75 0.8020833328125001 0.83101851875 0.80859375 0.8726851859375 0.8216145828125001 0.8958333328125001 0.8307291671874999 0.891203703125
1 0.140625 0.41203703750000004 0.1510416671875 0.4050925921875 0.1588541671875 0.43518518593750005 0.171875 0.44907407343749994 0.20052083281250002 0.43981481406249995 0.20442708281250002 0.3888888890625 0.1966145828125 0.375 0.1979166671875 0.365740740625 0.1744791671875 0.3356481484375 0.1354166671875 0.328703703125 0.1184895828125 0.34027777812500004 0.1119791671875 0.3541666671875 0.11328125 0.40277777812500004 0.1263020828125 0.4421296296875 0.1380208328125 0.4328703703125 0.140625 0.41203703750000004
1 0.0325520828125 0.365740740625 0.0442708328125 0.3634259265625 0.0481770828125 0.3425925921875 0.05989583281250001 0.3379629625 0.07161458281250001 0.35648148125 0.08072916718749999 0.35648148125 0.08072916718749999 0.328703703125 0.05729166718749999 0.26851851875 0.0403645828125 0.25694444375000003 0.014322917187500001 0.25694444375000003 0.0026041671875 0.2708333328125 0 0.3125 0.013020832812499999 0.34722222187499996 0.0260416671875 0.3449074078125 0.0325520828125 0.365740740625
2 0.11328125 0.30555555624999997 0.1080729171875 0.2870370375 0.09114583281250001 0.2638888890625 0.08723958281250001 0.27777777812500004 0.08984375 0.321759259375 0.1028645828125 0.33101851875 0.1106770828125 0.3263888890625 0.11328125 0.30555555624999997
2 0.8776041671874999 0.428240740625 0.8645833328125001 0.4074074078125 0.8411458328125001 0.4583333328125 0.83984375 0.5023148140625 0.8684895828125001 0.49305555625 0.875 0.47222222187499996 0.8776041671874999 0.428240740625
2 0.6067708328125 0.4768518515625 0.6171875 0.46527777812500004 0.6197916671875 0.446759259375 0.6145833328125 0.42129629687500003 0.58984375 0.43518518593750005 0.58203125 0.4074074078125 0.5638020828125 0.40277777812500004 0.5481770828125 0.41898148125 0.5559895828125 0.4699074078125 0.5846354171875 0.46296296249999996 0.6067708328125 0.4768518515625