1 0.28515625 0.8495370375 0.2825520828125 0.8726851859375 0.2903645828125 0.9143518515625001 0.3098958328125 0.902777778125 0.3177083328125 0.8819444437499999 0.31640625 0.8148148140625 0.3098958328125 0.7708333328125 0.28515625 0.7199074078125001 0.21744791718749998 0.7245370375 0.1848958328125 0.7800925921874999 0.1692708328125 0.8356481484374999 0.1731770828125 0.8449074078125 0.274367559375 0.8425925921875 0.28515625 0.8495370375
2 0.1575520828125 0.8263888890625 0.1614583328125 0.8148148140625 0.1627604171875 0.7199074078125001 0.1471354171875 0.671296296875 0.140625 0.6736111109375 0.1263020828125 0.7268518515625 0.1328125 0.8425925921875 0.1380208328125 0.8518518515625001 0.1484375 0.821759259375 0.1575520828125 0.8263888890625
5 0.646875 0.790625 0.15234375 0.41875
1 0.70703125 0.5856481484375 0.7005208328125 0.534722221875 0.6848958328125 0.49768518593750005 0.63671875 0.509259259375 0.6236979171875 0.5601851859375 0.62109375 0.5856481484375 0.625 0.590277778125 0.6979166671875 0.5925925921874999 0.70703125 0.5856481484375
2 0.1419270828125 0.5138888890625 0.1302083328125 0.509259259375 0.1276041671875 0.4953703703125 0.125 0.5069444437499999 0.1041666671875 0.509259259375 0.09765625 0.5 0.0859375 0.5208333328125 0.08333333281250001 0.5555555562500001 0.08723958281250001 0.5601851859375 0.1471354171875 0.5625 0.1419270828125 0.5138888890625
1 0.4934895828125 0.13194444375 0.4752604171875 0.13194444375 0.46875 0.141203703125 0.4661458328125 0.1898148140625 0.5013020828125 0.178240740625 0.5013020828125 0.1481481484375 0.4934895828125 0.13194444375
1 0.5546875 0.1666666671875 0.55078125 0.141203703125 0.52734375 0.13888888906250002 0.51953125 0.15277777812499999 0.5143229171875 0.18055555625 0.5169270828125 0.20833333281250002 0.5520833328125 0.20138888906250002 0.5546875 0.1666666671875
5 0.56953125 0.3875 0.078125 0.2140625
5 0.66640625 0.4203125 0.09609375 0.221875
5 0.46171875 0.778125 0.17734375 0.44375
1 0.5690104171875 0.11805555625 0.5625 0.090277778125 0.5416666671875 0.097222221875 0.5377604171875 0.1111111109375 0.54296875 0.13194444375 0.5520833328125 0.1365740734375 0.5690104171875 0.11805555625