1 0.3997395828125 0.6458333328125 0.40234375 0.6180555562500001 0.41796875 0.6018518515625 0.4231770828125 0.578703703125 0.4114583328125 0.49305555625 0.3971354171875 0.4675925921875 0.3541666671875 0.4768518515625 0.31640625 0.54398148125 0.3203125 0.5648148140625 0.3151041671875 0.5925925921874999 0.3177083328125 0.6504629625 0.3997395828125 0.6458333328125
2 0.4322916671875 0.328703703125 0.4322916671875 0.2870370375 0.4231770828125 0.266203703125 0.4192708328125 0.2824074078125 0.41796875 0.3263888890625 0.421875 0.3449074078125 0.4270833328125 0.3449074078125 0.4322916671875 0.328703703125
1 0.51171875 0.266203703125 0.5013020828125 0.2384259265625 0.47265625 0.24305555625 0.4557291671875 0.2731481484375 0.45703125 0.3263888890625 0.5065104171875 0.31944444375000003 0.5130208328125 0.2986111109375 0.51171875 0.266203703125
1 0.54296875 0.240740740625 0.5494791671875 0.215277778125 0.54296875 0.16898148125 0.5247395828125 0.1574074078125 0.5078125 0.17361111093749998 0.5 0.1921296296875 0.5026041671875 0.2384259265625 0.5078125 0.2453703703125 0.54296875 0.240740740625
2 0.1471354171875 0.5625 0.1458333328125 0.5069444437499999 0.13671875 0.509259259375 0.1302083328125 0.490740740625 0.1171875 0.509259259375 0.09635416718749999 0.49305555625 0.0859375 0.51851851875 0.08333333281250001 0.5555555562500001 0.09114583281250001 0.5694444437499999 0.1178385421875 0.5601851859375 0.1471354171875 0.5625
5 0.6609375 0.67265625 0.13125 0.309375
1 0.7057291671875 0.5 0.6940104171875 0.45370370312499997 0.6510416671875 0.4513888890625 0.640625 0.4583333328125 0.6223958328125 0.5254629625 0.6315104171875 0.5324074078125001 0.70703125 0.527777778125 0.7057291671875 0.5
1 0.5442708328125 0.875 0.5455729171875 0.8518518515625001 0.5403645828125 0.83101851875 0.5481770828125 0.8101851859375 0.5481770828125 0.7916666671875 0.53125 0.733796296875 0.5052083328125 0.7291666671875 0.5078125 0.946759259375 0.5208333328125 0.9490740734375 0.5286458328125 0.9375 0.5442708328125 0.875
1 0.5768229171875 0.06944444375 0.5598958328125 0.06944444375 0.55078125 0.090277778125 0.5520833328125 0.11342592656249999 0.5755208328125 0.1111111109375 0.5794270828125 0.08101851875 0.5768229171875 0.06944444375
5 0.5140625 0.6 0.1296875 0.378125
5 0.67265625 0.371875 0.10703125 0.18359375