5 0.5609375 0.42109375 0.08671875 0.22734375
5 0.66875 0.421875 0.09609375 0.215625
5 0.6453125 0.7953125 0.159375 0.409375
5 0.4375 0.81015625 0.21875 0.3796875
2 0.3385416671875 0.6296296296875 0.3424479171875 0.6041666671875 0.3372395828125 0.5393518515625 0.3268229171875 0.5115740734374999 0.3190104171875 0.51851851875 0.3098958328125 0.5601851859375 0.3111979171875 0.6296296296875 0.3177083328125 0.6620370375 0.3385416671875 0.6296296296875
2 0.3841145828125 0.5324074078125001 0.3841145828125 0.46527777812500004 0.3763020828125 0.4421296296875 0.3606770828125 0.46527777812500004 0.3606770828125 0.5208333328125 0.3684895828125 0.5601851859375 0.37890625 0.5509259265625001 0.3841145828125 0.5324074078125001
2 0.3645833328125 0.375 0.3606770828125 0.3726851859375 0.35546875 0.3865740734375 0.35546875 0.4328703703125 0.3684895828125 0.43518518593750005 0.37109375 0.3958333328125 0.3645833328125 0.375
2 0.4296875 0.4421296296875 0.4348958328125 0.4143518515625 0.43359375 0.3726851859375 0.421875 0.3518518515625 0.4140625 0.3865740734375 0.4166666671875 0.4421296296875 0.4231770828125 0.44907407343749994 0.4296875 0.4421296296875
2 0.48828125 0.24305555625 0.48046875 0.196759259375 0.4713541671875 0.20833333281250002 0.4674479171875 0.2476851859375 0.4713541671875 0.26851851875 0.4778645828125 0.2731481484375 0.48828125 0.24305555625
2 0.5013020828125 0.1990740734375 0.4986979171875 0.1875 0.48828125 0.196759259375 0.4869791671875 0.22916666718749998 0.4934895828125 0.2453703703125 0.5013020828125 0.23379629687499998 0.5013020828125 0.1990740734375
2 0.1471354171875 0.5671296296875 0.1484375 0.5208333328125 0.1419270828125 0.48148148125 0.10546875 0.5046296296875 0.09895833281250001 0.49305555625 0.08463541718749999 0.5231481484375 0.08333333281250001 0.5578703703125 0.08984375 0.5694444437499999 0.1028645828125 0.5578703703125 0.1471354171875 0.5671296296875
1 0.4921875 0.13194444375 0.47265625 0.1365740734375 0.4674479171875 0.1504629625 0.4661458328125 0.1898148140625 0.5026041671875 0.18055555625 0.5026041671875 0.15277777812499999 0.4921875 0.13194444375
2 0.5377604171875 0.1296296296875 0.5377604171875 0.1620370375 0.5442708328125 0.171296296875 0.5481770828125 0.1296296296875 0.5377604171875 0.1296296296875
1 0.5677083328125 0.097222221875 0.5598958328125 0.07638888906249999 0.5533854171875 0.06944444375 0.5299479171875 0.07638888906249999 0.5286458328125 0.09953703750000001 0.5390625 0.1203703703125 0.5638020828125 0.1226851859375 0.5677083328125 0.097222221875