2 0.1341145828125 0.5671296296875 0.1471354171875 0.5625 0.1458333328125 0.509259259375 0.1041666671875 0.5023148140625 0.09765625 0.49305555625 0.0859375 0.51851851875 0.08333333281250001 0.5578703703125 0.09114583281250001 0.5694444437499999 0.10546875 0.5578703703125 0.1341145828125 0.5671296296875
2 0.3059895828125 0.51851851875 0.2942708328125 0.4791666671875 0.2825520828125 0.509259259375 0.2825520828125 0.578703703125 0.2916666671875 0.60648148125 0.3059895828125 0.5740740734374999 0.3059895828125 0.51851851875
2 0.3463541671875 0.41898148125 0.3333333328125 0.3865740734375 0.3255208328125 0.4166666671875 0.3294270828125 0.49305555625 0.3346354171875 0.4953703703125 0.3463541671875 0.47453703750000004 0.3463541671875 0.41898148125
2 0.16015625 0.8009259265625 0.1653645828125 0.8101851859375 0.18359375 0.7800925921874999 0.1888020828125 0.7384259265625001 0.1848958328125 0.678240740625 0.1731770828125 0.641203703125 0.1640625 0.641203703125 0.1497395828125 0.6875 0.1497395828125 0.70601851875 0.1536458328125 0.7106481484375 0.16015625 0.8009259265625
2 0.23828125 0.608796296875 0.22786458281250002 0.5763888890625 0.21614583281250002 0.5879629625 0.21223958281250002 0.60648148125 0.20963541718749998 0.6504629625 0.22135416718749998 0.7106481484375 0.23567708281250002 0.6828703703125 0.23828125 0.608796296875
2 0.0169270828125 0.9976851859375 0.05859375 0.9976851859375 0.05859375 0.909722221875 0.0442708328125 0.8773148140625 0.0455729171875 0.8680555562500001 0.0234375 0.8819444437499999 0.015625 0.928240740625 0.006510417187500001 0.9398148140625 0.01171875 0.946759259375 0.0169270828125 0.9976851859375
2 0.4479166671875 0.2638888890625 0.4401041671875 0.2453703703125 0.4309895828125 0.2615740734375 0.4309895828125 0.3009259265625 0.4401041671875 0.3240740734375 0.4453125 0.3125 0.4479166671875 0.2638888890625
1 0.23567708281250002 0.9884259265625 0.2513020828125 0.9884259265625 0.2877604171875 0.8981481484374999 0.3229166671875 0.8865740734375 0.3255208328125 0.7986111109375 0.3125 0.7546296296875 0.2981770828125 0.7361111109375 0.24348958281250002 0.7361111109375 0.22005208281250002 0.7615740734374999 0.1888020828125 0.8495370375 0.17578125 0.8541666671874999 0.1809895828125 0.8958333328125001 0.1744791671875 0.9351851859375 0.23307291718749998 0.9513888890625 0.23567708281250002 0.9884259265625
5 0.47421875 0.3515625 0.06484375 0.184375
1 0.5260416671875 0.3333333328125 0.5247395828125 0.2708333328125 0.515625 0.2546296296875 0.4934895828125 0.2546296296875 0.4908854171875 0.259259259375 0.5065104171875 0.2638888890625 0.5091145828125 0.328703703125 0.5260416671875 0.3333333328125
1 0.5338541671875 0.26851851875 0.5390625 0.22685185156249998 0.5260416671875 0.196759259375 0.5130208328125 0.19444444375 0.4973958328125 0.20833333281250002 0.4895833328125 0.22453703749999998 0.4908854171875 0.25 0.5078125 0.25 0.5338541671875 0.26851851875
1 0.5494791671875 0.1643518515625 0.5455729171875 0.1481481484375 0.5208333328125 0.1504629625 0.51171875 0.17361111093749998 0.5104166671875 0.1921296296875 0.5390625 0.215277778125 0.546875 0.21296296250000002 0.5494791671875 0.1643518515625
1 0.3268229171875 0.7870370375 0.3294270828125 0.8125 0.3515625 0.8101851859375 0.3723958328125 0.7476851859375 0.3828125 0.6736111109375 0.3763020828125 0.66898148125 0.35546875 0.5949074078125001 0.3138020828125 0.597222221875 0.2981770828125 0.60648148125 0.29296875 0.6203703703125 0.2760416671875 0.6875 0.2786458328125 0.722222221875 0.3033854171875 0.7291666671875 0.3268229171875 0.7870370375
1 0.5533854171875 0.8194444437499999 0.5442708328125 0.766203703125 0.53125 0.7361111109375 0.50390625 0.7291666671875 0.5065104171875 0.946759259375 0.5130208328125 0.953703703125 0.5286458328125 0.9398148140625 0.5533854171875 0.8194444437499999
5 0.65625 0.66328125 0.13515625 0.27421875
1 0.69921875 0.47222222187499996 0.7005208328125 0.4606481484375 0.6875 0.4513888890625 0.6432291671875 0.45370370312499997 0.62890625 0.5138888890625 0.62109375 0.516203703125 0.62109375 0.5254629625 0.6315104171875 0.5324074078125001 0.7161458328125 0.5254629625 0.69921875 0.47222222187499996
5 0.6765625 0.36875 0.10234375 0.17734375
5 0.51640625 0.5953125 0.13671875 0.3640625
5 0.5734375 0.37578125 0.078125 0.20703125