2 0.5182291671875 0.6365740734374999 0.5052083328125 0.590277778125 0.4947916671875 0.5879629625 0.4908854171875 0.6203703703125 0.4791666671875 0.6365740734374999 0.4817708328125 0.7106481484375 0.5065104171875 0.75 0.5169270828125 0.7453703703125 0.5182291671875 0.6365740734374999
2 0.6731770828125 0.784722221875 0.6822916671875 0.7546296296875 0.6861979171875 0.6921296296875 0.6731770828125 0.634259259375 0.66015625 0.6388888890625 0.6549479171875 0.6643518515625 0.6354166671875 0.7083333328125 0.6341145828125 0.821759259375 0.6393229171875 0.828703703125 0.65625 0.7986111109375 0.6731770828125 0.784722221875
2 0.9270833328125001 0.9953703703125001 0.9348958328125001 0.9976851859375 0.9557291671874999 0.8819444437499999 0.9609375 0.8680555562500001 0.9700520828125001 0.865740740625 0.9713541671874999 0.847222221875 0.9544270828125001 0.7638888890625 0.9466145828125001 0.7615740734374999 0.9348958328125001 0.79398148125 0.9192708328125001 0.7986111109375 0.9114583328125001 0.8333333328125001 0.9153645828125001 0.875 0.9075520828125001 0.965277778125 0.9166666671874999 0.9675925921875 0.9270833328125001 0.9953703703125001
2 0.9986979171874999 0.796296296875 0.9986979171874999 0.6944444437499999 0.96875 0.7268518515625 0.9609375 0.7708333328125 0.9596354171874999 0.7893518515625 0.9739583328125001 0.8703703703125001 0.9934895828125001 0.8356481484374999 0.9986979171874999 0.796296296875
2 0.4583333328125 0.590277778125 0.4583333328125 0.5300925921874999 0.4453125 0.48379629687500003 0.4348958328125 0.4861111109375 0.4231770828125 0.5393518515625 0.4309895828125 0.5763888890625 0.4505208328125 0.6111111109375 0.4583333328125 0.590277778125
2 0.3489583328125 0.6504629625 0.34765625 0.5925925921874999 0.3333333328125 0.5555555562500001 0.3216145828125 0.5601851859375 0.31640625 0.5879629625 0.3216145828125 0.634259259375 0.3177083328125 0.6805555562500001 0.3333333328125 0.703703703125 0.3489583328125 0.6504629625
2 0.390625 0.490740740625 0.3763020828125 0.44907407343749994 0.3671875 0.4513888890625 0.3528645828125 0.490740740625 0.3606770828125 0.54398148125 0.3841145828125 0.5740740734374999 0.390625 0.490740740625
2 0.2825520828125 0.875 0.2890625 0.8773148140625 0.2942708328125 0.8680555562500001 0.3020833328125 0.7800925921874999 0.29296875 0.7615740734374999 0.28125 0.7546296296875 0.2760416671875 0.7199074078125001 0.26953125 0.7129629625 0.2591145828125 0.7291666671875 0.24348958281250002 0.7870370375 0.2421875 0.8495370375 0.2591145828125 0.921296296875 0.2630208328125 0.921296296875 0.2825520828125 0.875
2 0.1731770828125 0.516203703125 0.171875 0.4328703703125 0.1627604171875 0.4074074078125 0.1471354171875 0.40277777812500004 0.1432291671875 0.41898148125 0.1458333328125 0.5115740734374999 0.15625 0.5231481484375 0.1731770828125 0.516203703125
2 0.0247395828125 0.5601851859375 0.0364583328125 0.5393518515625 0.0338541671875 0.509259259375 0.04296875 0.49305555625 0.0169270828125 0.428240740625 0.006510417187500001 0.43055555625 0 0.4768518515625 0.006510417187500001 0.4953703703125 0.009114582812499999 0.5370370375 0.0247395828125 0.5601851859375
2 0.08984375 0.5555555562500001 0.0859375 0.4606481484375 0.0625 0.4236111109375 0.05729166718749999 0.4236111109375 0.0481770828125 0.446759259375 0.0546875 0.54398148125 0.05989583281250001 0.546296296875 0.0625 0.5370370375 0.08984375 0.5555555562500001
2 0.05598958281250001 0.9004629625 0.09505208281250001 0.8495370375 0.09114583281250001 0.8055555562500001 0.05338541718749999 0.7430555562500001 0.0403645828125 0.740740740625 0.0299479171875 0.7824074078125001 0.0299479171875 0.8495370375 0.0247395828125 0.85648148125 0.0364583328125 0.9050925921875 0.05598958281250001 0.9004629625
2 0.3307291671875 0.4328703703125 0.3372395828125 0.4050925921875 0.3294270828125 0.34027777812500004 0.3216145828125 0.3333333328125 0.3125 0.3379629625 0.3125 0.35648148125 0.3046875 0.375 0.3046875 0.4074074078125 0.3307291671875 0.4328703703125
2 0.2734375 0.3333333328125 0.2552083328125 0.30555555624999997 0.23567708281250002 0.2986111109375 0.23177083281250002 0.3101851859375 0.24609375 0.3703703703125 0.2669270828125 0.3865740734375 0.2734375 0.3333333328125
2 0.22786458281250002 0.2893518515625 0.21223958281250002 0.25694444375000003 0.203125 0.2800925921875 0.20442708281250002 0.31944444375000003 0.22005208281250002 0.3333333328125 0.22916666718749998 0.3101851859375 0.22786458281250002 0.2893518515625
2 0.9934895828125001 0.3958333328125 0.9752604171874999 0.384259259375 0.9583333328125001 0.4074074078125 0.9505208328125001 0.4675925921875 0.9739583328125001 0.46527777812500004 0.9934895828125001 0.40972222187499996 0.9934895828125001 0.3958333328125
2 0.7447916671875 0.4699074078125 0.7552083328125 0.43055555625 0.7330729171875 0.4050925921875 0.7174479171875 0.40277777812500004 0.7005208328125 0.43981481406249995 0.6966145828125 0.46527777812500004 0.703125 0.47453703750000004 0.7265625 0.46296296249999996 0.7447916671875 0.4699074078125
2 0.5677083328125 0.9236111109375 0.57421875 0.9583333328125001 0.5950520828125 0.9976851859375 0.6328125 0.9976851859375 0.6315104171875 0.95601851875 0.6223958328125 0.91898148125 0.6236979171875 0.8796296296874999 0.6106770828125 0.8009259265625 0.5768229171875 0.79398148125 0.56640625 0.821759259375 0.5716145828125 0.8379629625 0.56640625 0.865740740625 0.5677083328125 0.9236111109375
2 0.5833333328125 0.8101851859375 0.6067708328125 0.796296296875 0.60546875 0.73148148125 0.5989583328125 0.715277778125 0.5989583328125 0.6944444437499999 0.5924479171875 0.6851851859375 0.5872395828125 0.6851851859375 0.5833333328125 0.7048611109375 0.5729166671875 0.7199074078125001 0.55859375 0.7245370375 0.5598958328125 0.7986111109375 0.5703125 0.840277778125 0.5755208328125 0.840277778125 0.5833333328125 0.8101851859375
1 0.1341145828125 0.4328703703125 0.1497395828125 0.4050925921875 0.171875 0.42129629687500003 0.1966145828125 0.42129629687500003 0.20052083281250002 0.3773148140625 0.1861979171875 0.3379629625 0.1640625 0.30555555624999997 0.1354166671875 0.2870370375 0.1067708328125 0.2870370375 0.09375 0.31944444375000003 0.09244791718749999 0.36805555624999997 0.1028645828125 0.3888888890625 0.1236979171875 0.40277777812500004 0.1341145828125 0.4328703703125
1 0.06380208281250001 0.42592592656250006 0.08723958281250001 0.46296296249999996 0.09244791718749999 0.48842592656250006 0.12109375 0.48148148125 0.12109375 0.4375 0.08854166718749999 0.3703703703125 0.05859375 0.3611111109375 0.03515625 0.36805555624999997 0.0234375 0.38194444375000003 0.0221354171875 0.40277777812500004 0.046875 0.42592592656250006 0.0481770828125 0.43981481406249995 0.06380208281250001 0.42592592656250006
1 0.9427083328125001 0.6990740734374999 0.9674479171874999 0.6504629625 0.9830729171874999 0.641203703125 0.99609375 0.5671296296875 0.9895833328125001 0.5486111109375 0.9661458328125001 0.5208333328125 0.9088541671874999 0.5046296296875 0.87109375 0.5416666671875 0.859375 0.5671296296875 0.8515625 0.6041666671875 0.8502604171874999 0.641203703125 0.8567708328125001 0.6620370375 0.8723958328125001 0.659722221875 0.9427083328125001 0.6990740734374999
1 0.109375 0.28472222187499996 0.1028645828125 0.26851851875 0.07421875 0.2453703703125 0.046875 0.2453703703125 0.05859375 0.3518518515625 0.09114583281250001 0.3449074078125 0.09765625 0.2986111109375 0.109375 0.28472222187499996
0 0 0.375 0.00390625 0.3773148140625 0.0286458328125 0.3703703703125 0.0546875 0.3495370375 0.0481770828125 0.2615740734375 0.0416666671875 0.2384259265625 0.0169270828125 0.22916666718749998 0 0.23148148124999998 0 0.375