1 0.3098958328125 0.678240740625 0.3138020828125 0.73148148125 0.3190104171875 0.7361111109375 0.33984375 0.7199074078125001 0.3802083328125 0.7199074078125001 0.3919270828125 0.7013888890625 0.40625 0.6990740734374999 0.4192708328125 0.6759259265625001 0.4231770828125 0.6550925921874999 0.4231770828125 0.5740740734374999 0.4075520828125 0.5300925921874999 0.3984375 0.5208333328125 0.3763020828125 0.5208333328125 0.34765625 0.5324074078125001 0.3346354171875 0.5486111109375 0.32421875 0.5925925921874999 0.3098958328125 0.60648148125 0.31640625 0.6226851859375 0.3098958328125 0.678240740625
2 0.1966145828125 0.828703703125 0.20182291718749998 0.7638888890625 0.1822916671875 0.6990740734374999 0.1666666671875 0.73148148125 0.1653645828125 0.83101851875 0.1692708328125 0.8634259265625 0.1744791671875 0.8634259265625 0.1966145828125 0.828703703125
2 0.2578125 0.696759259375 0.2565104171875 0.641203703125 0.24088541718749998 0.578703703125 0.23177083281250002 0.5879629625 0.23567708281250002 0.6041666671875 0.22395833281250002 0.6365740734374999 0.22135416718749998 0.6759259265625001 0.22786458281250002 0.73148148125 0.23307291718749998 0.733796296875 0.2578125 0.696759259375
2 0.2604166671875 0.6041666671875 0.2747395828125 0.5833333328125 0.2760416671875 0.534722221875 0.2669270828125 0.4768518515625 0.2578125 0.4791666671875 0.25 0.5208333328125 0.25 0.5671296296875 0.25390625 0.597222221875 0.2604166671875 0.6041666671875
2 0.4401041671875 0.4328703703125 0.4309895828125 0.39351851875 0.4231770828125 0.39351851875 0.41796875 0.4166666671875 0.4166666671875 0.4861111109375 0.4270833328125 0.5069444437499999 0.4388020828125 0.4861111109375 0.4401041671875 0.4328703703125
2 0.3971354171875 0.41898148125 0.3958333328125 0.3796296296875 0.3880208328125 0.358796296875 0.3828125 0.3634259265625 0.3763020828125 0.3865740734375 0.3802083328125 0.4583333328125 0.3919270828125 0.44907407343749994 0.3971354171875 0.41898148125
2 0.4205729171875 0.3263888890625 0.4127604171875 0.328703703125 0.41015625 0.34027777812500004 0.4088541671875 0.3796296296875 0.4153645828125 0.40046296249999996 0.4270833328125 0.34027777812500004 0.4205729171875 0.3263888890625
2 0.5598958328125 0.8773148140625 0.5625 0.8356481484374999 0.5481770828125 0.7546296296875 0.54296875 0.7476851859375 0.5416666671875 0.715277778125 0.5234375 0.715277778125 0.5286458328125 0.9421296296874999 0.5455729171875 0.9305555562500001 0.5494791671875 0.8958333328125001 0.5598958328125 0.8773148140625
5 0.5677083328125 0.6203703703125 0.5794270828125 0.678240740625 0.5755208328125 0.696759259375 0.58203125 0.7129629625 0.6002604171875 0.58101851875 0.5885416671875 0.4675925921875 0.4973958328125 0.4675925921875 0.4791666671875 0.527777778125 0.48046875 0.6180555562500001 0.48828125 0.6111111109375 0.5557528406250001 0.6111111109375 0.5677083328125 0.6203703703125
5 0.67421875 0.7015625 0.12734375 0.396875
5 0.4515625 0.840625 0.15625 0.3171875
5 0.61328125 0.22734375 0.0703125 0.18046875
5 0.671875 0.4296875 0.1046875 0.16328125