5 0.65546875 0.67265625 0.13125 0.30078125
5 0.509375 0.5984375 0.14140625 0.34140625
5 0.6796875 0.36875 0.10625 0.18984375
1 0.7096354171875 0.5231481484375 0.6940104171875 0.45370370312499997 0.65234375 0.4513888890625 0.640625 0.4606481484375 0.6276041671875 0.516203703125 0.62890625 0.5300925921874999 0.7044270828125 0.5324074078125001 0.7096354171875 0.5231481484375
1 0.5377604171875 0.8958333328125001 0.5481770828125 0.8009259265625 0.5299479171875 0.733796296875 0.5052083328125 0.7291666671875 0.5065104171875 0.946759259375 0.5169270828125 0.9490740734375 0.52734375 0.9398148140625 0.5377604171875 0.8958333328125001
1 0.328125 0.6759259265625001 0.32421875 0.6041666671875 0.296875 0.578703703125 0.2591145828125 0.5833333328125 0.24739583281250002 0.5949074078125001 0.22135416718749998 0.6481481484375 0.22005208281250002 0.7245370375 0.22526041718749998 0.7476851859375 0.3046875 0.7384259265625001 0.328125 0.6759259265625001
2 0.4036458328125 0.43981481406249995 0.4075520828125 0.391203703125 0.4075520828125 0.365740740625 0.3958333328125 0.3518518515625 0.3880208328125 0.3796296296875 0.3880208328125 0.43518518593750005 0.39453125 0.45370370312499997 0.4036458328125 0.43981481406249995
2 0.1341145828125 0.847222221875 0.1510416671875 0.8148148140625 0.1588541671875 0.766203703125 0.1497395828125 0.7106481484375 0.140625 0.6875 0.1302083328125 0.6898148140625 0.1302083328125 0.703703703125 0.1184895828125 0.73148148125 0.1184895828125 0.7731481484375 0.1341145828125 0.847222221875
2 0.4049479171875 0.296296296875 0.3984375 0.3078703703125 0.3971354171875 0.3449074078125 0.4114583328125 0.375 0.4153645828125 0.321759259375 0.4049479171875 0.296296296875
2 0.4869791671875 0.215277778125 0.4778645828125 0.196759259375 0.47265625 0.21296296250000002 0.4713541671875 0.2476851859375 0.4817708328125 0.26851851875 0.48828125 0.2523148140625 0.4869791671875 0.215277778125
2 0.515625 0.1041666671875 0.51171875 0.1041666671875 0.5091145828125 0.14351851875 0.5143229171875 0.15277777812499999 0.5182291671875 0.125 0.515625 0.1041666671875
1 0.5520833328125 0.11805555625 0.5299479171875 0.1203703703125 0.5260416671875 0.1365740734375 0.52734375 0.17361111093749998 0.5481770828125 0.171296296875 0.5559895828125 0.1458333328125 0.5520833328125 0.11805555625
2 0.1458333328125 0.5671296296875 0.1484375 0.5578703703125 0.1471354171875 0.4953703703125 0.1341145828125 0.46527777812500004 0.1263020828125 0.49768518593750005 0.1106770828125 0.509259259375 0.09765625 0.49305555625 0.08463541718749999 0.527777778125 0.08333333281250001 0.5555555562500001 0.09114583281250001 0.5694444437499999 0.1263020828125 0.5601851859375 0.1458333328125 0.5671296296875
5 0.575 0.36328125 0.07734375 0.1875