2 0.5768229171875 0.7384259265625001 0.5859375 0.7361111109375 0.5911458328125 0.641203703125 0.5729166671875 0.5856481484375 0.5625 0.578703703125 0.5598958328125 0.6041666671875 0.5403645828125 0.6319444437499999 0.5377604171875 0.6666666671875 0.5442708328125 0.6944444437499999 0.5703125 0.7199074078125001 0.5768229171875 0.7384259265625001
2 0.3841145828125 0.965277778125 0.3854166671875 0.9479166671874999 0.3997395828125 0.9120370375 0.4036458328125 0.8796296296874999 0.3997395828125 0.8263888890625 0.3880208328125 0.8078703703125001 0.3763020828125 0.7615740734374999 0.3684895828125 0.7638888890625 0.3450520828125 0.8125 0.3463541671875 0.8634259265625 0.3658854171875 0.9629629625 0.3736979171875 0.98148148125 0.3841145828125 0.965277778125
2 0.8255208328125001 0.7129629625 0.8294270828125001 0.7129629625 0.8411458328125001 0.6203703703125 0.8294270828125001 0.571759259375 0.8020833328125001 0.6180555562500001 0.796875 0.6805555562500001 0.796875 0.7291666671875 0.81640625 0.6898148140625 0.8216145828125001 0.6875 0.8255208328125001 0.7129629625
2 0.9427083328125001 0.6111111109375 0.94921875 0.571759259375 0.94140625 0.553240740625 0.9401041671874999 0.5254629625 0.9231770828125001 0.5370370375 0.91015625 0.5740740734374999 0.91015625 0.6458333328125 0.9153645828125001 0.6550925921874999 0.9388020828125001 0.6273148140625 0.9427083328125001 0.6111111109375
2 0.1263020828125 0.6273148140625 0.1276041671875 0.5486111109375 0.1002604171875 0.49305555625 0.0859375 0.4953703703125 0.07421875 0.5393518515625 0.07161458281250001 0.5833333328125 0.08333333281250001 0.6180555562500001 0.1197916671875 0.6319444437499999 0.1263020828125 0.6273148140625
2 0.1497395828125 0.5046296296875 0.1770833328125 0.5231481484375 0.1796875 0.5069444437499999 0.16015625 0.42129629687500003 0.1510416671875 0.4050925921875 0.1380208328125 0.4143518515625 0.13671875 0.46296296249999996 0.1419270828125 0.4699074078125 0.1419270828125 0.4861111109375 0.1497395828125 0.5046296296875
2 0.23177083281250002 0.5046296296875 0.23697916718749998 0.49305555625 0.23177083281250002 0.42592592656250006 0.21614583281250002 0.3888888890625 0.20052083281250002 0.41898148125 0.1979166671875 0.4606481484375 0.20442708281250002 0.490740740625 0.22395833281250002 0.5069444437499999 0.23177083281250002 0.5046296296875
2 0.4231770828125 0.4236111109375 0.4244791671875 0.3611111109375 0.4153645828125 0.33101851875 0.40625 0.3356481484375 0.40234375 0.3541666671875 0.40234375 0.41898148125 0.4049479171875 0.4328703703125 0.4127604171875 0.4375 0.4231770828125 0.4236111109375
2 0.7083333328125 0.3981481484375 0.6979166671875 0.4050925921875 0.6888020828125 0.446759259375 0.6888020828125 0.490740740625 0.7122395828125 0.48842592656250006 0.7161458328125 0.4074074078125 0.7083333328125 0.3981481484375
2 0.7825520828125 0.5601851859375 0.8020833328125001 0.5115740734374999 0.8046875 0.490740740625 0.7903645828125 0.4583333328125 0.7825520828125 0.45601851875 0.7643229171875 0.5023148140625 0.7513020828125 0.5555555562500001 0.75390625 0.5763888890625 0.765625 0.5601851859375 0.7825520828125 0.5601851859375
2 0.0325520828125 0.6388888890625 0.0403645828125 0.6481481484375 0.05078125 0.6458333328125 0.0403645828125 0.5995370375 0.0442708328125 0.5648148140625 0.0390625 0.546296296875 0.0208333328125 0.516203703125 0.009114582812499999 0.546296296875 0.00390625 0.5740740734374999 0.01171875 0.597222221875 0.0221354171875 0.60648148125 0.0325520828125 0.6388888890625
2 0.09635416718749999 0.48148148125 0.09635416718749999 0.43055555625 0.08333333281250001 0.391203703125 0.07552083281250001 0.384259259375 0.06640625 0.4074074078125 0.06640625 0.43518518593750005 0.08203125 0.47453703750000004 0.08723958281250001 0.48379629687500003 0.09635416718749999 0.48148148125
2 0.1575520828125 0.23611111093749998 0.1458333328125 0.22916666718749998 0.1380208328125 0.240740740625 0.1341145828125 0.2546296296875 0.1419270828125 0.28472222187499996 0.1575520828125 0.28472222187499996 0.1575520828125 0.23611111093749998
2 0.6197916671875 0.45601851875 0.6158854171875 0.4236111109375 0.5911458328125 0.4328703703125 0.5768229171875 0.4050925921875 0.5638020828125 0.4050925921875 0.5546875 0.4421296296875 0.55859375 0.47222222187499996 0.5859375 0.46527777812500004 0.6067708328125 0.4768518515625 0.6197916671875 0.45601851875
2 0.9986979171874999 0.3981481484375 0.9856770828125001 0.4166666671875 0.9830729171874999 0.4328703703125 0.9817708328125001 0.46527777812500004 0.9856770828125001 0.47222222187499996 0.9986979171874999 0.46527777812500004 0.9986979171874999 0.3981481484375
1 0.0338541671875 0.38194444375000003 0.05729166718749999 0.36805555624999997 0.08333333281250001 0.375 0.08072916718749999 0.3148148140625 0.05729166718749999 0.2708333328125 0.0325520828125 0.25694444375000003 0.010416667187500001 0.259259259375 0.00390625 0.2708333328125 0.00390625 0.3148148140625 0.014322917187500001 0.34027777812500004 0.0299479171875 0.3541666671875 0.0338541671875 0.38194444375000003
1 0.1328125 0.4421296296875 0.1432291671875 0.4050925921875 0.15234375 0.4050925921875 0.1588541671875 0.43518518593750005 0.1731770828125 0.44907407343749994 0.1979166671875 0.4421296296875 0.20572916718749998 0.391203703125 0.1979166671875 0.365740740625 0.1796875 0.3425925921875 0.1653645828125 0.33101851875 0.1419270828125 0.328703703125 0.109375 0.34722222187499996 0.1119791671875 0.4074074078125 0.1223958328125 0.4143518515625 0.1263020828125 0.4421296296875 0.1328125 0.4421296296875
1 0.07942708281250001 0.3101851859375 0.08072916718749999 0.2615740734375 0.06119791718749999 0.23379629687499998 0.03515625 0.22916666718749998 0.0234375 0.23148148124999998 0.0260416671875 0.2546296296875 0.05208333281250001 0.2638888890625 0.07942708281250001 0.3101851859375