2 0.24739583281250002 0.840277778125 0.23958333281250002 0.7384259265625001 0.22786458281250002 0.70601851875 0.22005208281250002 0.7083333328125 0.1953125 0.7638888890625 0.21223958281250002 0.89351851875 0.23697916718749998 0.865740740625 0.24739583281250002 0.840277778125
1 0.4388020828125 0.4699074078125 0.4466145828125 0.46527777812500004 0.4583333328125 0.43518518593750005 0.4544270828125 0.3634259265625 0.4440104171875 0.3356481484375 0.4088541671875 0.3379629625 0.3802083328125 0.3865740734375 0.3815104171875 0.47453703750000004 0.4153645828125 0.45370370312499997 0.43359375 0.4583333328125 0.4388020828125 0.4699074078125
2 0.4375 0.29398148125 0.4309895828125 0.2754629625 0.42578125 0.27777777812500004 0.4192708328125 0.30555555624999997 0.4205729171875 0.328703703125 0.4361979171875 0.33101851875 0.4375 0.29398148125
2 0.5078125 0.20833333281250002 0.5013020828125 0.1898148140625 0.4921875 0.20370370312500002 0.4934895828125 0.2523148140625 0.5026041671875 0.25694444375000003 0.5078125 0.2476851859375 0.5078125 0.20833333281250002
2 0.15459263125 0.9021470046875001 0.14678013125 0.9021470046875001 0.14287388125 0.9137210781249999 0.13245721562499999 0.9762210781249999 0.13115513125 0.9993692265625 0.1754259640625 0.9970544125 0.17803013125 0.9646470046875001 0.15459263125 0.9021470046875001
2 0.1015625 0.5555555562500001 0.1341145828125 0.5671296296875 0.1471354171875 0.5601851859375 0.1458333328125 0.5300925921874999 0.1393229171875 0.516203703125 0.1158854171875 0.5254629625 0.1080729171875 0.5 0.09505208281250001 0.49305555625 0.07682291718749999 0.51851851875 0.0703125 0.5555555562500001 0.08203125 0.5555555562500001 0.09114583281250001 0.5671296296875 0.1015625 0.5555555562500001
5 0.64921875 0.784375 0.14921875 0.4234375
1 0.7057291671875 0.5555555562500001 0.6901041671875 0.5069444437499999 0.6380208328125 0.509259259375 0.6223958328125 0.5555555562500001 0.6184895828125 0.5833333328125 0.625 0.590277778125 0.7096354171875 0.5879629625 0.7057291671875 0.5555555562500001
5 0.56328125 0.41328125 0.07890625 0.215625
5 0.66953125 0.41328125 0.09765625 0.18984375
5 0.4375 0.80546875 0.22265625 0.3890625