2 0.3796875 0.50234375 0.03671875 0.125
2 0.22526041718749998 0.891203703125 0.2109375 0.865740740625 0.20052083281250002 0.8611111109375 0.1888020828125 0.9120370375 0.1861979171875 0.9976851859375 0.22916666718749998 0.9976851859375 0.23177083281250002 0.921296296875 0.22526041718749998 0.891203703125
2 0.3567708328125 0.321759259375 0.3502604171875 0.328703703125 0.34765625 0.34722222187499996 0.34765625 0.40046296249999996 0.3606770828125 0.40972222187499996 0.3671875 0.3703703703125 0.3567708328125 0.321759259375
2 0.4205729171875 0.3263888890625 0.4075520828125 0.3009259265625 0.40234375 0.3263888890625 0.4036458328125 0.38194444375000003 0.4127604171875 0.3888888890625 0.4192708328125 0.3726851859375 0.4205729171875 0.3263888890625
2 0.3997395828125 0.31944444375000003 0.3997395828125 0.2916666671875 0.3958333328125 0.2800925921875 0.3841145828125 0.2870370375 0.3841145828125 0.321759259375 0.3893229171875 0.33101851875 0.3919270828125 0.3171296296875 0.3997395828125 0.31944444375000003
2 0.3880208328125 0.3356481484375 0.3880208328125 0.3449074078125 0.3958333328125 0.3449074078125 0.3880208328125 0.3356481484375
2 0.4674479171875 0.2824074078125 0.4609375 0.266203703125 0.4557291671875 0.26851851875 0.4544270828125 0.3263888890625 0.4622395828125 0.34027777812500004 0.4700520828125 0.3101851859375 0.4674479171875 0.2824074078125
2 0.4869791671875 0.215277778125 0.4817708328125 0.20138888906250002 0.4739583328125 0.21064814843750002 0.4739583328125 0.2523148140625 0.4817708328125 0.26851851875 0.48828125 0.2546296296875 0.4869791671875 0.215277778125
2 0.5026041671875 0.178240740625 0.5026041671875 0.1481481484375 0.4973958328125 0.13194444375 0.4921875 0.1481481484375 0.4921875 0.1759259265625 0.4973958328125 0.1875 0.5026041671875 0.178240740625
2 0.1471354171875 0.5648148140625 0.1458333328125 0.509259259375 0.09895833281250001 0.49305555625 0.0859375 0.5208333328125 0.08333333281250001 0.5578703703125 0.08854166718749999 0.571759259375 0.125 0.5601851859375 0.1471354171875 0.5648148140625
1 0.5559895828125 0.821759259375 0.5416666671875 0.7546296296875 0.53125 0.733796296875 0.5052083328125 0.7291666671875 0.5052083328125 0.95601851875 0.5091145828125 0.9583333328125001 0.5286458328125 0.9398148140625 0.5559895828125 0.821759259375
5 0.65703125 0.65859375 0.13203125 0.27734375
1 0.69921875 0.46527777812500004 0.6927083328125 0.45370370312499997 0.6419270828125 0.45601851875 0.6223958328125 0.5254629625 0.6315104171875 0.5324074078125001 0.7083333328125 0.527777778125 0.69921875 0.46527777812500004
5 0.5109375 0.60390625 0.1375 0.37734375
5 0.67265625 0.3734375 0.11171875 0.19453125