1 0.5442708328125 0.875 0.5455729171875 0.8495370375 0.5390625 0.8194444437499999 0.5416666671875 0.7708333328125 0.52734375 0.733796296875 0.5052083328125 0.7291666671875 0.5052083328125 0.9513888890625 0.5091145828125 0.95601851875 0.5286458328125 0.9398148140625 0.5442708328125 0.875
5 0.65546875 0.67109375 0.1296875 0.3140625
1 0.6315104171875 0.5324074078125001 0.7161458328125 0.527777778125 0.6953125 0.4583333328125 0.6875 0.4513888890625 0.640625 0.4583333328125 0.62890625 0.5115740734374999 0.6184895828125 0.5208333328125 0.62109375 0.5254629625 0.6315104171875 0.5324074078125001
2 0.4322916671875 0.3263888890625 0.4309895828125 0.3101851859375 0.4192708328125 0.2916666671875 0.4127604171875 0.321759259375 0.4153645828125 0.358796296875 0.4231770828125 0.3703703703125 0.4322916671875 0.3263888890625
1 0.5 0.3634259265625 0.4973958328125 0.31944444375000003 0.4869791671875 0.2870370375 0.4453125 0.2986111109375 0.4296875 0.3495370375 0.4270833328125 0.3865740734375 0.4309895828125 0.4050925921875 0.484375 0.3958333328125 0.5 0.3634259265625
1 0.1354166671875 0.95601851875 0.12890625 0.9976851859375 0.24869791718749998 0.9976851859375 0.2630208328125 0.9629629625 0.2630208328125 0.9490740734375 0.2864583328125 0.9050925921875 0.2916666671875 0.8796296296874999 0.2890625 0.847222221875 0.2721354171875 0.8055555562500001 0.2630208328125 0.7986111109375 0.21614583281250002 0.803240740625 0.1953125 0.8171296296874999 0.17404513906250002 0.850308640625 0.1536458328125 0.891203703125 0.1419270828125 0.9305555562500001 0.1263020828125 0.9351851859375 0.1354166671875 0.95601851875
1 0.2994791671875 0.5671296296875 0.3033854171875 0.5486111109375 0.33203125 0.49305555625 0.3489583328125 0.48379629687500003 0.3502604171875 0.47453703750000004 0.3424479171875 0.4583333328125 0.2942708328125 0.46527777812500004 0.2708333328125 0.5046296296875 0.2682291671875 0.534722221875 0.2682291671875 0.5763888890625 0.2708333328125 0.590277778125 0.2760416671875 0.590277778125 0.2994791671875 0.5671296296875
5 0.3567708328125 0.777777778125 0.3828125 0.7013888890625 0.4192708328125 0.6921296296875 0.4270833328125 0.64351851875 0.4283854171875 0.5509259265625001 0.4166666671875 0.46527777812500004 0.4114583328125 0.4583333328125 0.3684895828125 0.46296296249999996 0.3307291671875 0.5 0.3033854171875 0.553240740625 0.3033854171875 0.6180555562500001 0.2981770828125 0.6504629625 0.3020833328125 0.7754629625 0.3151041671875 0.7986111109375 0.3229166671875 0.7870370375 0.3567708328125 0.777777778125
5 0.51171875 0.59921875 0.13046875 0.35625
5 0.67734375 0.36875 0.10390625 0.18046875
2 0.3997395828125 0.4166666671875 0.4075520828125 0.40277777812500004 0.4049479171875 0.3495370375 0.3984375 0.328703703125 0.390625 0.328703703125 0.3841145828125 0.3495370375 0.3841145828125 0.39351851875 0.3919270828125 0.4143518515625 0.3997395828125 0.4166666671875
2 0.1276041671875 0.8703703703125001 0.12890625 0.7708333328125 0.1145833328125 0.722222221875 0.1067708328125 0.7291666671875 0.1067708328125 0.7453703703125 0.09505208281250001 0.76851851875 0.08984375 0.803240740625 0.1015625 0.902777778125 0.1080729171875 0.9074074078125 0.1276041671875 0.8703703703125001
2 0.4973958328125 0.2453703703125 0.4908854171875 0.24305555625 0.4817708328125 0.2638888890625 0.4817708328125 0.27777777812500004 0.4973958328125 0.2986111109375 0.5013020828125 0.29398148125 0.4973958328125 0.2453703703125
5 0.57109375 0.375 0.078125 0.20546875
2 0.1471354171875 0.5625 0.1458333328125 0.5324074078125001 0.1380208328125 0.516203703125 0.1223958328125 0.516203703125 0.1145833328125 0.5254629625 0.09895833281250001 0.49305555625 0.08723958281250001 0.5046296296875 0.07552083281250001 0.5324074078125001 0.06901041718749999 0.5555555562500001 0.07942708281250001 0.5555555562500001 0.08854166718749999 0.5671296296875 0.1471354171875 0.5625