1 0.1888020828125 0.9375 0.2591145828125 0.9259259265625 0.2877604171875 0.9259259265625 0.2981770828125 0.9375 0.3098958328125 0.928240740625 0.3138020828125 0.8819444437499999 0.3346354171875 0.8356481484374999 0.3411458328125 0.7731481484375 0.3541666671875 0.740740740625 0.34765625 0.64351851875 0.3359375 0.5833333328125 0.24869791718749998 0.5925925921874999 0.20182291718749998 0.671296296875 0.19140625 0.7199074078125001 0.1822916671875 0.8148148140625 0.1861979171875 0.840277778125 0.18359375 0.9236111109375 0.1888020828125 0.9375
5 0.3971354171875 0.5370370375 0.4140625 0.553240740625 0.4244791671875 0.54398148125 0.4440104171875 0.49305555625 0.4505208328125 0.428240740625 0.4479166671875 0.3865740734375 0.4401041671875 0.365740740625 0.4401041671875 0.2986111109375 0.3684895828125 0.30555555624999997 0.3411458328125 0.3541666671875 0.3411458328125 0.51851851875 0.3489583328125 0.5393518515625 0.3567708328125 0.546296296875 0.3971354171875 0.5370370375
1 0.4947916671875 0.134259259375 0.4765625 0.134259259375 0.4674479171875 0.1504629625 0.4661458328125 0.1921296296875 0.4986979171875 0.1828703703125 0.5013020828125 0.1504629625 0.4947916671875 0.134259259375
2 0.4622395828125 0.3796296296875 0.4700520828125 0.35648148125 0.4700520828125 0.3125 0.4635416671875 0.2893518515625 0.45703125 0.2893518515625 0.4505208328125 0.328703703125 0.453125 0.365740740625 0.45703125 0.3796296296875 0.4622395828125 0.3796296296875
2 0.4973958328125 0.222222221875 0.4934895828125 0.1990740734375 0.484375 0.196759259375 0.4817708328125 0.25 0.4895833328125 0.2615740734375 0.4973958328125 0.24305555625 0.4973958328125 0.222222221875
2 0.5130208328125 0.171296296875 0.5052083328125 0.17361111093749998 0.5013020828125 0.20833333281250002 0.5104166671875 0.2199074078125 0.5182291671875 0.1875 0.5130208328125 0.171296296875
2 0.5390625 0.22685185156249998 0.5442708328125 0.1921296296875 0.5390625 0.171296296875 0.5325520828125 0.1666666671875 0.52734375 0.18055555625 0.52734375 0.20833333281250002 0.5338541671875 0.22685185156249998 0.5390625 0.22685185156249998
2 0.24739583281250002 0.5023148140625 0.23177083281250002 0.490740740625 0.22395833281250002 0.527777778125 0.22135416718749998 0.5740740734374999 0.22916666718749998 0.60648148125 0.2513020828125 0.5833333328125 0.24739583281250002 0.5023148140625
2 0.29296875 0.5324074078125001 0.2864583328125 0.509259259375 0.2721354171875 0.5 0.265625 0.527777778125 0.2630208328125 0.5833333328125 0.2916666671875 0.58101851875 0.2890625 0.546296296875 0.29296875 0.5324074078125001
2 0.17578125 0.8819444437499999 0.1822916671875 0.8449074078125 0.1692708328125 0.7199074078125001 0.1575520828125 0.7268518515625 0.1432291671875 0.7870370375 0.14453125 0.8888888890625 0.1484375 0.9050925921875 0.15625 0.9074074078125 0.17578125 0.8819444437499999
2 0.09895833281250001 0.9421296296874999 0.1028645828125 0.909722221875 0.1002604171875 0.8518518515625001 0.08854166718749999 0.8101851859375 0.08723958281250001 0.7824074078125001 0.07942708281250001 0.784722221875 0.07291666718749999 0.8495370375 0.06770833281250001 0.85648148125 0.06510416718749999 0.9444444437499999 0.06770833281250001 0.965277778125 0.07552083281250001 0.9768518515625001 0.09895833281250001 0.9421296296874999
2 0.3072916671875 0.46296296249999996 0.2981770828125 0.45601851875 0.2864583328125 0.48148148125 0.2903645828125 0.5509259265625001 0.2981770828125 0.5625 0.3111979171875 0.5393518515625 0.3072916671875 0.46296296249999996
2 0.34375 0.5046296296875 0.3424479171875 0.43055555625 0.3372395828125 0.41203703750000004 0.32421875 0.446759259375 0.3216145828125 0.48842592656250006 0.3294270828125 0.51851851875 0.3372395828125 0.5231481484375 0.34375 0.5046296296875
2 0.1471354171875 0.5671296296875 0.1458333328125 0.5046296296875 0.09765625 0.4953703703125 0.08463541718749999 0.5254629625 0.08333333281250001 0.5555555562500001 0.09114583281250001 0.571759259375 0.1080729171875 0.5578703703125 0.1471354171875 0.5671296296875
1 0.6888020828125 0.6273148140625 0.6927083328125 0.6365740734374999 0.70703125 0.6365740734374999 0.7161458328125 0.5856481484375 0.6927083328125 0.5138888890625 0.6848958328125 0.5069444437499999 0.640625 0.509259259375 0.6236979171875 0.5601851859375 0.61328125 0.6180555562500001 0.6184895828125 0.6296296296875 0.6640625 0.6180555562500001 0.6888020828125 0.6273148140625
5 0.4359375 0.80859375 0.221875 0.365625
5 0.64453125 0.8125 0.15703125 0.37421875
5 0.56328125 0.41796875 0.08125 0.2125
5 0.6671875 0.41875 0.0984375 0.19765625