2 0.23697916718749998 0.7384259265625001 0.22395833281250002 0.6875 0.21223958281250002 0.6921296296875 0.21223958281250002 0.7129629625 0.20442708281250002 0.73148148125 0.20052083281250002 0.7615740734374999 0.21223958281250002 0.865740740625 0.23567708281250002 0.821759259375 0.23697916718749998 0.7384259265625001
1 0.3971354171875 0.6643518515625 0.41796875 0.6134259265625001 0.4348958328125 0.6041666671875 0.4348958328125 0.571759259375 0.4166666671875 0.4953703703125 0.37109375 0.5023148140625 0.3541666671875 0.5231481484375 0.3359375 0.5671296296875 0.33203125 0.6458333328125 0.3372395828125 0.6759259265625001 0.3697916671875 0.6574074078125001 0.3971354171875 0.6643518515625
2 0.2513020828125 0.6134259265625001 0.2643229171875 0.5833333328125 0.2682291671875 0.5555555562500001 0.2591145828125 0.490740740625 0.24739583281250002 0.4861111109375 0.23958333281250002 0.51851851875 0.23958333281250002 0.5625 0.24609375 0.60648148125 0.2513020828125 0.6134259265625001
2 0.3098958328125 0.5671296296875 0.3033854171875 0.5393518515625 0.2942708328125 0.5300925921874999 0.2825520828125 0.5555555562500001 0.2786458328125 0.60648148125 0.2903645828125 0.6481481484375 0.3125 0.60648148125 0.3098958328125 0.5671296296875
2 0.3411458328125 0.5486111109375 0.34375 0.516203703125 0.3385416671875 0.490740740625 0.3411458328125 0.4768518515625 0.3333333328125 0.4699074078125 0.3346354171875 0.46296296249999996 0.3268229171875 0.46527777812500004 0.3190104171875 0.5 0.3216145828125 0.546296296875 0.3294270828125 0.5671296296875 0.3411458328125 0.5486111109375
2 0.4388020828125 0.46527777812500004 0.4388020828125 0.40277777812500004 0.4270833328125 0.38194444375000003 0.4166666671875 0.4166666671875 0.4153645828125 0.44444444375 0.421875 0.48148148125 0.43359375 0.48148148125 0.4388020828125 0.46527777812500004
2 0.3958333328125 0.375 0.3841145828125 0.358796296875 0.37890625 0.3796296296875 0.3776041671875 0.40046296249999996 0.3997395828125 0.41898148125 0.4010416671875 0.3888888890625 0.3958333328125 0.375
2 0.2859375 0.48046875 0.0296875 0.1078125
2 0.36640625 0.4578125 0.02578125 0.1046875
2 0.4203125 0.33828125 0.0234375 0.096875
2 0.37109375 0.353125 0.0234375 0.08984375
2 0.4375 0.28203125 0.0265625 0.10234375
5 0.6796875 0.33671875 0.0953125 0.17265625
2 0.64140625 0.24765625 0.01796875 0.07109375
5 0.55703125 0.43828125 0.10078125 0.28515625
5 0.50859375 0.62734375 0.12109375 0.37734375
5 0.6703125 0.57734375 0.11875 0.2578125
5 0.490625 0.25 0.0921875 0.20546875
1 0.1770833328125 0.8796296296874999 0.1744791671875 0.8125 0.15625 0.7569444437499999 0.1471354171875 0.75 0.1002604171875 0.7546296296875 0.07161458281250001 0.777777778125 0.0325520828125 0.858796296875 0.009114582812499999 0.95601851875 0.009114582812499999 0.9976851859375 0.1263020828125 0.9976851859375 0.1484375 0.9236111109375 0.1770833328125 0.8796296296874999
1 0.2734375 0.9236111109375 0.2552083328125 0.8773148140625 0.2109375 0.8726851859375 0.1705729171875 0.891203703125 0.14453125 0.9375 0.12890625 0.9976851859375 0.2643229171875 0.9976851859375 0.2630208328125 0.9629629625 0.2734375 0.9236111109375
2 0.1354166671875 0.5671296296875 0.1471354171875 0.5601851859375 0.1471354171875 0.5393518515625 0.1380208328125 0.5138888890625 0.1028645828125 0.51851851875 0.1028645828125 0.5115740734374999 0.09114583281250001 0.509259259375 0.0859375 0.51851851875 0.08333333281250001 0.5555555562500001 0.08984375 0.5648148140625 0.109375 0.5555555562500001 0.1354166671875 0.5671296296875