5 0.67578125 0.4265625 0.0984375 0.16640625
5 0.6734375 0.69609375 0.13125 0.3984375
5 0.53046875 0.63984375 0.1296875 0.33203125
5 0.44609375 0.84375 0.20703125 0.3125
2 0.3606770828125 0.5416666671875 0.3580729171875 0.48379629687500003 0.3411458328125 0.45370370312499997 0.3333333328125 0.48379629687500003 0.3307291671875 0.5046296296875 0.3359375 0.5555555562500001 0.3450520828125 0.58101851875 0.3606770828125 0.5416666671875
2 0.3841145828125 0.42592592656250006 0.3828125 0.3865740734375 0.3763020828125 0.3634259265625 0.37109375 0.365740740625 0.3619791671875 0.3981481484375 0.359375 0.4328703703125 0.3684895828125 0.4606481484375 0.3802083328125 0.446759259375 0.3841145828125 0.42592592656250006
2 0.4114583328125 0.4074074078125 0.3997395828125 0.3888888890625 0.390625 0.41203703750000004 0.3919270828125 0.47453703750000004 0.4010416671875 0.490740740625 0.4140625 0.46527777812500004 0.4114583328125 0.4074074078125
2 0.4596354171875 0.4421296296875 0.45703125 0.40046296249999996 0.4466145828125 0.3726851859375 0.4388020828125 0.3796296296875 0.4361979171875 0.4328703703125 0.4427083328125 0.46527777812500004 0.4505208328125 0.47222222187499996 0.4596354171875 0.4421296296875
2 0.43359375 0.30555555624999997 0.4283854171875 0.30555555624999997 0.421875 0.328703703125 0.4244791671875 0.3796296296875 0.4322916671875 0.3958333328125 0.4427083328125 0.328703703125 0.43359375 0.30555555624999997
2 0.4752604171875 0.3888888890625 0.4739583328125 0.3379629625 0.4661458328125 0.31944444375000003 0.4544270828125 0.3356481484375 0.4544270828125 0.3888888890625 0.4609375 0.4074074078125 0.4661458328125 0.4074074078125 0.4752604171875 0.3888888890625
2 0.46484375 0.2615740734375 0.4583333328125 0.2453703703125 0.4518229171875 0.259259259375 0.4505208328125 0.303240740625 0.4583333328125 0.321759259375 0.4661458328125 0.296296296875 0.46484375 0.2615740734375
2 0.5026041671875 0.2731481484375 0.49609375 0.23611111093749998 0.48828125 0.23148148124999998 0.4856770828125 0.2800925921875 0.4934895828125 0.3078703703125 0.5013020828125 0.2986111109375 0.5026041671875 0.2731481484375
2 0.4661458328125 0.17361111093749998 0.4609375 0.1875 0.4609375 0.22685185156249998 0.4674479171875 0.23611111093749998 0.4713541671875 0.19444444375 0.4661458328125 0.17361111093749998
2 0.4856770828125 0.19444444375 0.4791666671875 0.17361111093749998 0.47265625 0.196759259375 0.47265625 0.23379629687499998 0.4791666671875 0.2476851859375 0.4856770828125 0.22453703749999998 0.4856770828125 0.19444444375
1 0.55078125 0.23611111093749998 0.546875 0.141203703125 0.5104166671875 0.14351851875 0.5013020828125 0.17361111093749998 0.5013020828125 0.25 0.5052083328125 0.2615740734375 0.5390625 0.2523148140625 0.55078125 0.23611111093749998
5 0.6145833328125 0.2893518515625 0.6341145828125 0.3078703703125 0.6471354171875 0.22453703749999998 0.6432291671875 0.14351851875 0.5950520828125 0.13888888906250002 0.578125 0.1481481484375 0.57421875 0.1875 0.5768229171875 0.23611111093749998 0.61328125 0.25 0.6145833328125 0.2893518515625