1 0.2942708328125 0.7430555562500001 0.3567708328125 0.7268518515625 0.3958333328125 0.634259259375 0.3854166671875 0.590277778125 0.3489583328125 0.5601851859375 0.3203125 0.578703703125 0.3098958328125 0.5949074078125001 0.30078125 0.6296296296875 0.2890625 0.6388888890625 0.2890625 0.715277778125 0.2942708328125 0.7430555562500001
1 0.51171875 0.3148148140625 0.51171875 0.2870370375 0.5026041671875 0.259259259375 0.4947916671875 0.2546296296875 0.4700520828125 0.259259259375 0.4557291671875 0.2986111109375 0.45703125 0.3449074078125 0.4700520828125 0.3356481484375 0.5026041671875 0.3425925921875 0.51171875 0.3148148140625
2 0.4622395828125 0.222222221875 0.4583333328125 0.22685185156249998 0.4544270828125 0.28472222187499996 0.4700520828125 0.2546296296875 0.4700520828125 0.2384259265625 0.4622395828125 0.222222221875
2 0.484375 0.196759259375 0.4817708328125 0.25 0.4895833328125 0.25 0.4908854171875 0.196759259375 0.484375 0.196759259375
2 0.5065104171875 0.178240740625 0.4986979171875 0.171296296875 0.4934895828125 0.1875 0.4973958328125 0.22453703749999998 0.5065104171875 0.21296296250000002 0.5065104171875 0.178240740625
1 0.5013020828125 0.1481481484375 0.4934895828125 0.13194444375 0.4739583328125 0.134259259375 0.46875 0.1458333328125 0.4661458328125 0.1898148140625 0.4895833328125 0.1875 0.5013020828125 0.16898148125 0.5013020828125 0.1481481484375
1 0.5442708328125 0.13888888906250002 0.5286458328125 0.1574074078125 0.5247395828125 0.20138888906250002 0.5481770828125 0.20601851875000002 0.5559895828125 0.14351851875 0.5442708328125 0.13888888906250002
2 0.3489583328125 0.5486111109375 0.3528645828125 0.534722221875 0.3515625 0.47222222187499996 0.3450520828125 0.446759259375 0.3372395828125 0.44907407343749994 0.3294270828125 0.48148148125 0.3307291671875 0.54398148125 0.3359375 0.5578703703125 0.3489583328125 0.5486111109375
2 0.2578125 0.6550925921874999 0.2604166671875 0.5879629625 0.24739583281250002 0.546296296875 0.23958333281250002 0.546296296875 0.23177083281250002 0.5925925921874999 0.23177083281250002 0.6666666671875 0.23958333281250002 0.6921296296875 0.25390625 0.678240740625 0.2578125 0.6550925921874999
5 0.6515625 0.79140625 0.140625 0.41640625
1 0.6927083328125 0.516203703125 0.6848958328125 0.509259259375 0.6393229171875 0.5115740734374999 0.6236979171875 0.5578703703125 0.62109375 0.590277778125 0.70703125 0.5879629625 0.7044270828125 0.5578703703125 0.6927083328125 0.516203703125
5 0.66484375 0.41796875 0.10625 0.20078125
5 0.43828125 0.80859375 0.225 0.3828125
5 0.5609375 0.41484375 0.0859375 0.22265625