1 0.3020833328125 0.6643518515625 0.3059895828125 0.715277778125 0.3776041671875 0.70601851875 0.4036458328125 0.6574074078125001 0.4036458328125 0.608796296875 0.3854166671875 0.5509259265625001 0.3450520828125 0.5509259265625001 0.3203125 0.5740740734374999 0.3125 0.6018518515625 0.3020833328125 0.615740740625 0.3059895828125 0.6296296296875 0.3020833328125 0.6643518515625
1 0.5169270828125 0.2986111109375 0.50390625 0.2708333328125 0.4739583328125 0.2731481484375 0.4609375 0.30555555624999997 0.4622395828125 0.3634259265625 0.50390625 0.3541666671875 0.5143229171875 0.3379629625 0.5169270828125 0.2986111109375
1 0.5455729171875 0.18055555625 0.5338541671875 0.1458333328125 0.5078125 0.15277777812499999 0.5026041671875 0.1759259265625 0.5013020828125 0.215277778125 0.5052083328125 0.222222221875 0.5455729171875 0.21064814843750002 0.5455729171875 0.18055555625
1 0.5638020828125 0.1226851859375 0.5572916671875 0.0856481484375 0.5390625 0.0856481484375 0.53125 0.10185185156250001 0.53125 0.134259259375 0.5416666671875 0.1481481484375 0.5533854171875 0.1458333328125 0.5638020828125 0.1226851859375
5 0.6609375 0.67421875 0.12578125 0.3078125
1 0.7161458328125 0.5254629625 0.6927083328125 0.45370370312499997 0.6536458328125 0.4513888890625 0.6419270828125 0.4583333328125 0.6302083328125 0.5138888890625 0.6223958328125 0.5254629625 0.640625 0.534722221875 0.7161458328125 0.5254629625
1 0.5455729171875 0.8680555562500001 0.5416666671875 0.8356481484374999 0.5520833328125 0.8148148140625 0.53125 0.7361111109375 0.5052083328125 0.7291666671875 0.5052083328125 0.9513888890625 0.5130208328125 0.953703703125 0.5286458328125 0.9421296296874999 0.5455729171875 0.8680555562500001
2 0.3190104171875 0.4236111109375 0.3059895828125 0.46527777812500004 0.3138020828125 0.5509259265625001 0.3333333328125 0.516203703125 0.328125 0.43055555625 0.3190104171875 0.4236111109375
2 0.1471354171875 0.5625 0.1497395828125 0.5208333328125 0.1458333328125 0.5023148140625 0.1302083328125 0.509259259375 0.1263020828125 0.49768518593750005 0.09765625 0.49305555625 0.08203125 0.5254629625 0.08203125 0.5555555562500001 0.08984375 0.5694444437499999 0.09895833281250001 0.5625 0.1471354171875 0.5625
2 0.3971354171875 0.38194444375000003 0.3880208328125 0.3541666671875 0.37890625 0.3703703703125 0.3763020828125 0.428240740625 0.3854166671875 0.44907407343749994 0.3958333328125 0.4328703703125 0.3971354171875 0.38194444375000003
2 0.4192708328125 0.4606481484375 0.4283854171875 0.43518518593750005 0.42578125 0.38194444375000003 0.4192708328125 0.3611111109375 0.4127604171875 0.3634259265625 0.40625 0.3958333328125 0.4075520828125 0.43518518593750005 0.4127604171875 0.4583333328125 0.4192708328125 0.4606481484375
5 0.51328125 0.60390625 0.13359375 0.3609375
5 0.67421875 0.371875 0.1046875 0.1875