1 0.3411458328125 0.7638888890625 0.3684895828125 0.696759259375 0.3645833328125 0.6203703703125 0.3424479171875 0.5949074078125001 0.2903645828125 0.5995370375 0.2643229171875 0.659722221875 0.2526041671875 0.6666666671875 0.2578125 0.6875 0.2513020828125 0.73148148125 0.2591145828125 0.7754629625 0.3411458328125 0.7638888890625
1 0.50390625 0.1574074078125 0.4934895828125 0.13194444375 0.4713541671875 0.1365740734375 0.4661458328125 0.1620370375 0.4661458328125 0.1898148140625 0.5 0.1851851859375 0.50390625 0.17361111093749998 0.50390625 0.1574074078125
5 0.6484375 0.7953125 0.15 0.409375
1 0.7122395828125 0.5833333328125 0.6953125 0.5138888890625 0.6875 0.5069444437499999 0.6380208328125 0.509259259375 0.6223958328125 0.5555555562500001 0.6184895828125 0.5833333328125 0.625 0.5925925921874999 0.70703125 0.5925925921874999 0.7122395828125 0.5833333328125
2 0.1263020828125 0.9259259265625 0.1341145828125 0.9259259265625 0.1575520828125 0.875 0.16015625 0.8449074078125 0.1536458328125 0.7824074078125001 0.1432291671875 0.7430555562500001 0.1380208328125 0.7361111109375 0.12890625 0.7430555562500001 0.1276041671875 0.7638888890625 0.1119791671875 0.8055555562500001 0.1171875 0.8194444437499999 0.1263020828125 0.9259259265625
2 0.3567708328125 0.4861111109375 0.35546875 0.43055555625 0.3450520828125 0.4050925921875 0.3359375 0.4328703703125 0.3372395828125 0.5 0.3450520828125 0.5138888890625 0.3528645828125 0.5069444437499999 0.3567708328125 0.4861111109375
2 0.4934895828125 0.2916666671875 0.4947916671875 0.240740740625 0.4921875 0.22685185156249998 0.4817708328125 0.22916666718749998 0.4765625 0.25 0.4778645828125 0.2870370375 0.4856770828125 0.303240740625 0.4934895828125 0.2916666671875
2 0.1614583328125 0.6365740734374999 0.16796875 0.6180555562500001 0.1653645828125 0.5763888890625 0.1380208328125 0.5324074078125001 0.125 0.54398148125 0.12109375 0.590277778125 0.12890625 0.6481481484375 0.13671875 0.652777778125 0.1614583328125 0.6365740734374999
5 0.5169270828125 0.9976851859375 0.53125 0.98148148125 0.53125 0.9305555562500001 0.54296875 0.8726851859375 0.5416666671875 0.8125 0.5494791671875 0.7569444437499999 0.546875 0.7361111109375 0.5390625 0.733796296875 0.5416666671875 0.6759259265625001 0.5364583328125 0.634259259375 0.3997395828125 0.634259259375 0.3385416671875 0.7800925921874999 0.3411458328125 0.858796296875 0.3294270828125 0.9166666671874999 0.3294270828125 0.9976851859375 0.5169270828125 0.9976851859375
5 0.5703125 0.5046296296875 0.5950520828125 0.5069444437499999 0.59375 0.490740740625 0.6106770828125 0.41898148125 0.6015625 0.4050925921875 0.6080729171875 0.365740740625 0.6028645828125 0.321759259375 0.58203125 0.3101851859375 0.5455729171875 0.3125 0.5247395828125 0.3425925921875 0.5234375 0.3958333328125 0.5572916671875 0.3958333328125 0.5703125 0.4421296296875 0.5703125 0.5046296296875
5 0.66875 0.42265625 0.09453125 0.20078125
2 0.125 0.5324074078125001 0.1393229171875 0.5231481484375 0.1236979171875 0.5069444437499999 0.1080729171875 0.516203703125 0.09765625 0.49305555625 0.08463541718749999 0.5254629625 0.08333333281250001 0.5555555562500001 0.09375 0.5671296296875 0.1223958328125 0.5578703703125 0.125 0.5324074078125001
1 0.5403645828125 0.13888888906250002 0.5325520828125 0.15277777812499999 0.5325520828125 0.1990740734375 0.55078125 0.196759259375 0.5572916671875 0.141203703125 0.5403645828125 0.13888888906250002