1 0.24479166718749998 0.953703703125 0.3255208328125 0.946759259375 0.3255208328125 0.9120370375 0.3411458328125 0.8680555562500001 0.3385416671875 0.8078703703125001 0.34765625 0.7476851859375 0.3268229171875 0.733796296875 0.2630208328125 0.7430555562500001 0.2526041671875 0.759259259375 0.23828125 0.8101851859375 0.22005208281250002 0.8263888890625 0.23046875 0.8425925921875 0.21875 0.8958333328125001 0.22395833281250002 0.965277778125 0.24479166718749998 0.953703703125
5 0.64921875 0.7890625 0.1421875 0.40703125
1 0.7096354171875 0.5925925921874999 0.7122395828125 0.5833333328125 0.7005208328125 0.534722221875 0.6875 0.509259259375 0.6419270828125 0.509259259375 0.6223958328125 0.5555555562500001 0.62109375 0.5925925921874999 0.6536458328125 0.5949074078125001 0.6653645828125 0.5856481484375 0.7096354171875 0.5925925921874999
1 0.4947916671875 0.134259259375 0.4765625 0.134259259375 0.46875 0.1458333328125 0.4661458328125 0.1921296296875 0.5026041671875 0.1828703703125 0.5026041671875 0.1481481484375 0.4947916671875 0.134259259375
2 0.5286458328125 0.171296296875 0.5234375 0.1574074078125 0.515625 0.171296296875 0.5169270828125 0.21064814843750002 0.5247395828125 0.2175925921875 0.5299479171875 0.196759259375 0.5286458328125 0.171296296875
2 0.4088541671875 0.44907407343749994 0.4075520828125 0.3888888890625 0.4010416671875 0.36805555624999997 0.39453125 0.36805555624999997 0.38671875 0.3958333328125 0.3880208328125 0.4583333328125 0.390625 0.4675925921875 0.3984375 0.4675925921875 0.4088541671875 0.44907407343749994
2 0.4322916671875 0.328703703125 0.4309895828125 0.31944444375000003 0.4192708328125 0.321759259375 0.4166666671875 0.3634259265625 0.4231770828125 0.3773148140625 0.4322916671875 0.365740740625 0.4322916671875 0.328703703125
2 0.3177083328125 0.5694444437499999 0.3190104171875 0.5023148140625 0.3098958328125 0.4768518515625 0.2981770828125 0.49768518593750005 0.2942708328125 0.516203703125 0.2955729171875 0.5740740734374999 0.30078125 0.5949074078125001 0.3177083328125 0.5694444437499999
2 0.1653645828125 0.902777778125 0.1614583328125 0.8125 0.1484375 0.759259259375 0.140625 0.759259259375 0.1223958328125 0.8240740734375 0.1223958328125 0.884259259375 0.1302083328125 0.921296296875 0.1419270828125 0.9444444437499999 0.1653645828125 0.902777778125
2 0.09505208281250001 0.9421296296874999 0.08723958281250001 0.8773148140625 0.07421875 0.8356481484374999 0.05859375 0.840277778125 0.0442708328125 0.8981481484374999 0.04296875 0.9444444437499999 0.05338541718749999 0.9976851859375 0.07942708281250001 0.9976851859375 0.09505208281250001 0.9421296296874999
5 0.4375 0.81640625 0.21875 0.3671875
5 0.565625 0.4171875 0.0765625 0.21484375
5 0.66953125 0.4234375 0.09609375 0.1984375