1 0.3919270828125 0.696759259375 0.4088541671875 0.696759259375 0.4166666671875 0.6620370375 0.4244791671875 0.652777778125 0.4231770828125 0.5740740734374999 0.4049479171875 0.5416666671875 0.3684895828125 0.5324074078125001 0.3424479171875 0.5648148140625 0.3268229171875 0.6388888890625 0.3255208328125 0.6620370375 0.36328125 0.659722221875 0.3841145828125 0.678240740625 0.3919270828125 0.696759259375
1 0.4661458328125 0.375 0.4583333328125 0.3449074078125 0.44921875 0.34027777812500004 0.41796875 0.3449074078125 0.3958333328125 0.3981481484375 0.3958333328125 0.48379629687500003 0.4557291671875 0.4675925921875 0.4700520828125 0.42592592656250006 0.4661458328125 0.375
5 0.1575520828125 0.91898148125 0.1653645828125 0.9259259265625 0.1575520828125 0.965277778125 0.1588541671875 0.9976851859375 0.3020833328125 0.9976851859375 0.3098958328125 0.983796296875 0.3138020828125 0.965277778125 0.3111979171875 0.9074074078125 0.3190104171875 0.8796296296874999 0.3098958328125 0.6875 0.20833333281250002 0.696759259375 0.1705729171875 0.759259259375 0.1744791671875 0.8726851859375 0.1705729171875 0.8958333328125001 0.1575520828125 0.902777778125 0.1575520828125 0.91898148125
1 0.35546875 0.7824074078125001 0.39453125 0.7615740734374999 0.39453125 0.7361111109375 0.3880208328125 0.6875 0.3723958328125 0.6666666671875 0.3294270828125 0.6643518515625 0.3098958328125 0.6736111109375 0.3177083328125 0.840277778125 0.3255208328125 0.8611111109375 0.3385416671875 0.8379629625 0.35546875 0.7824074078125001
1 0.4934895828125 0.8125 0.4934895828125 0.9583333328125001 0.5208333328125 0.953703703125 0.5533854171875 0.8333333328125001 0.55078125 0.784722221875 0.54296875 0.7546296296875 0.5299479171875 0.7361111109375 0.4505208328125 0.7361111109375 0.4557291671875 0.7453703703125 0.453125 0.7638888890625 0.4895833328125 0.7916666671875 0.4934895828125 0.8125
5 0.66015625 0.6734375 0.12734375 0.2984375
1 0.7005208328125 0.46527777812500004 0.6875 0.4513888890625 0.6432291671875 0.45370370312499997 0.6341145828125 0.49305555625 0.62109375 0.516203703125 0.62109375 0.527777778125 0.6315104171875 0.5324074078125001 0.7161458328125 0.527777778125 0.7005208328125 0.46527777812500004
5 0.675 0.37734375 0.09921875 0.19765625
5 0.5109375 0.59296875 0.146875 0.35546875
5 0.5734375 0.3796875 0.0765625 0.215625
5 0.4953125 0.2984375 0.06875 0.1703125
5 0.5421875 0.1484375 0.04140625 0.12265625
2 0.2513020828125 0.6875 0.2552083328125 0.6805555562500001 0.2552083328125 0.6111111109375 0.24088541718749998 0.5763888890625 0.23177083281250002 0.590277778125 0.22265625 0.6458333328125 0.2265625 0.652777778125 0.22395833281250002 0.6828703703125 0.2513020828125 0.6875
2 0.30859375 0.5416666671875 0.2981770828125 0.5046296296875 0.2903645828125 0.5046296296875 0.2838541671875 0.54398148125 0.2864583328125 0.6180555562500001 0.2942708328125 0.6365740734374999 0.3111979171875 0.6041666671875 0.30859375 0.5416666671875
2 0.3684895828125 0.4050925921875 0.3580729171875 0.391203703125 0.3489583328125 0.40046296249999996 0.3450520828125 0.47453703750000004 0.3502604171875 0.48842592656250006 0.3606770828125 0.4791666671875 0.3684895828125 0.4050925921875
2 0.1002604171875 0.5578703703125 0.1328125 0.5671296296875 0.1471354171875 0.5625 0.1458333328125 0.5069444437499999 0.1302083328125 0.509259259375 0.1263020828125 0.49305555625 0.1106770828125 0.516203703125 0.09765625 0.49305555625 0.0859375 0.5208333328125 0.08333333281250001 0.5555555562500001 0.08723958281250001 0.5648148140625 0.09505208281250001 0.5671296296875 0.1002604171875 0.5578703703125