1 0.48828125 0.4375 0.4778645828125 0.4050925921875 0.4375 0.4074074078125 0.4283854171875 0.41203703750000004 0.4166666671875 0.44907407343749994 0.41015625 0.45370370312499997 0.4114583328125 0.5300925921874999 0.4661458328125 0.5254629625 0.4739583328125 0.5231481484375 0.48828125 0.4375
1 0.5208333328125 0.24305555625 0.5130208328125 0.2199074078125 0.4895833328125 0.2175925921875 0.4765625 0.22685185156249998 0.46875 0.2476851859375 0.46875 0.3009259265625 0.5169270828125 0.29398148125 0.5208333328125 0.24305555625
2 0.50390625 0.20138888906250002 0.50390625 0.17361111093749998 0.4986979171875 0.1620370375 0.4934895828125 0.1643518515625 0.4895833328125 0.1990740734375 0.4934895828125 0.215277778125 0.4986979171875 0.215277778125 0.50390625 0.20138888906250002
2 0.52734375 0.0925925921875 0.5208333328125 0.097222221875 0.51953125 0.1365740734375 0.5260416671875 0.1458333328125 0.5299479171875 0.1041666671875 0.52734375 0.0925925921875
1 0.5716145828125 0.11574074062499999 0.5572916671875 0.10648148125000001 0.5442708328125 0.10648148125000001 0.53515625 0.1296296296875 0.5364583328125 0.1643518515625 0.5690104171875 0.1574074078125 0.57421875 0.1365740734375 0.5716145828125 0.11574074062499999
2 0.23567708281250002 0.91898148125 0.21614583281250002 0.865740740625 0.20442708281250002 0.8703703703125001 0.19140625 0.9259259265625 0.1888020828125 0.95601851875 0.1940104171875 0.9976851859375 0.23697916718749998 0.9976851859375 0.23567708281250002 0.91898148125
2 0.1041666671875 0.9976851859375 0.1458333328125 0.9976851859375 0.14453125 0.884259259375 0.1302083328125 0.8634259265625 0.1223958328125 0.8356481484374999 0.11328125 0.8449074078125 0.1080729171875 0.875 0.09505208281250001 0.8958333328125001 0.1041666671875 0.9421296296874999 0.1041666671875 0.9976851859375
2 0.4244791671875 0.38194444375000003 0.4231770828125 0.3356481484375 0.4153645828125 0.3148148140625 0.4088541671875 0.3240740734375 0.40625 0.384259259375 0.4088541671875 0.40046296249999996 0.4140625 0.40277777812500004 0.4244791671875 0.38194444375000003
2 0.296875 0.5115740734374999 0.2825520828125 0.41898148125 0.2747395828125 0.42592592656250006 0.26953125 0.4861111109375 0.2682291671875 0.5231481484375 0.2747395828125 0.534722221875 0.2825520828125 0.534722221875 0.296875 0.5115740734374999
5 0.67265625 0.69765625 0.13046875 0.4015625
5 0.67421875 0.428125 0.1046875 0.165625
5 0.51015625 0.75625 0.1296875 0.3921875
5 0.68671875 0.26796875 0.07578125 0.15625
5 0.596875 0.27734375 0.0828125 0.2046875