1 0.3684895828125 0.803240740625 0.3880208328125 0.8356481484374999 0.4361979171875 0.828703703125 0.44921875 0.821759259375 0.46875 0.7893518515625 0.4817708328125 0.796296296875 0.4817708328125 0.7291666671875 0.45703125 0.678240740625 0.4583333328125 0.652777778125 0.4479166671875 0.652777778125 0.4205729171875 0.6018518515625 0.3997395828125 0.5833333328125 0.37890625 0.5856481484375 0.3723958328125 0.5740740734374999 0.3294270828125 0.578703703125 0.3098958328125 0.5949074078125001 0.3072916671875 0.6458333328125 0.3151041671875 0.703703703125 0.3645833328125 0.784722221875 0.3684895828125 0.803240740625
1 0.1953125 0.49305555625 0.2604166671875 0.48379629687500003 0.265625 0.46296296249999996 0.2643229171875 0.4375 0.25390625 0.4166666671875 0.2513020828125 0.3958333328125 0.22135416718749998 0.358796296875 0.1888020828125 0.35648148125 0.1536458328125 0.3773148140625 0.15234375 0.40046296249999996 0.16015625 0.4328703703125 0.17578125 0.4513888890625 0.1953125 0.49305555625
2 0.09114583281250001 0.578703703125 0.09505208281250001 0.5763888890625 0.09375 0.490740740625 0.07682291718749999 0.4421296296875 0.07161458281250001 0.40277777812500004 0.0625 0.40046296249999996 0.06510416718749999 0.4375 0.05989583281250001 0.4861111109375 0.07552083281250001 0.546296296875 0.09114583281250001 0.578703703125
1 0.07291666718749999 0.40046296249999996 0.09505208281250001 0.490740740625 0.1432291671875 0.48379629687500003 0.1549479171875 0.47453703750000004 0.1549479171875 0.43055555625 0.1315104171875 0.36805555624999997 0.1119791671875 0.3379629625 0.09765625 0.3263888890625 0.06119791718749999 0.328703703125 0.05208333281250001 0.34027777812500004 0.0481770828125 0.365740740625 0.046875 0.3888888890625 0.05208333281250001 0.40277777812500004 0.06119791718749999 0.3958333328125 0.07291666718749999 0.40046296249999996
1 0.13671875 0.3263888890625 0.1380208328125 0.296296296875 0.1302083328125 0.259259259375 0.1171875 0.240740740625 0.09895833281250001 0.22453703749999998 0.0625 0.22685185156249998 0.05859375 0.240740740625 0.05729166718749999 0.2708333328125 0.06380208281250001 0.3101851859375 0.1341145828125 0.3333333328125 0.13671875 0.3263888890625
1 0 0.3078703703125 0.0078125 0.3171296296875 0.0247395828125 0.3101851859375 0.0286458328125 0.3171296296875 0.0299479171875 0.2986111109375 0.04296875 0.29398148125 0.0442708328125 0.28472222187499996 0.0234375 0.23148148124999998 0.0169270828125 0.22685185156249998 0 0.22916666718749998 0 0.3078703703125
2 0.859375 0.9930555562500001 0.86328125 0.9606481484374999 0.8502604171874999 0.9351851859375 0.8489583328125001 0.9050925921875 0.8580729171874999 0.8726851859375 0.85546875 0.8356481484374999 0.83203125 0.8356481484374999 0.8098958328125001 0.8171296296874999 0.7981770828125 0.8171296296874999 0.796875 0.8333333328125001 0.77734375 0.8449074078125 0.77734375 0.85648148125 0.7630208328125 0.8888888890625 0.7473958328125 0.891203703125 0.7395833328125 0.9074074078125 0.7486979171875 0.9745370375 0.7473958328125 0.9976851859375 0.8645833328125001 0.9976851859375 0.859375 0.9930555562500001
2 0.6067708328125 0.7986111109375 0.61328125 0.7893518515625 0.6223958328125 0.7361111109375 0.6145833328125 0.671296296875 0.6028645828125 0.6365740734374999 0.5833333328125 0.625 0.5807291671875 0.6574074078125001 0.5520833328125 0.696759259375 0.5533854171875 0.740740740625 0.5638020828125 0.7615740734374999 0.5885416671875 0.7731481484375 0.6067708328125 0.7986111109375
2 0.63671875 0.965277778125 0.65625 0.9976851859375 0.6861979171875 0.9976851859375 0.68359375 0.91898148125 0.6666666671875 0.8055555562500001 0.6575520828125 0.7893518515625 0.64453125 0.7893518515625 0.6419270828125 0.8078703703125001 0.6302083328125 0.828703703125 0.6145833328125 0.8263888890625 0.6067708328125 0.8541666671874999 0.6041666671875 0.921296296875 0.6080729171875 0.9768518515625001 0.6184895828125 0.983796296875 0.63671875 0.965277778125
2 0.5143229171875 0.9976851859375 0.5013020828125 0.8865740734375 0.4778645828125 0.8101851859375 0.46484375 0.796296296875 0.4440104171875 0.8518518515625001 0.44140625 0.884259259375 0.4609375 0.9768518515625001 0.4869791671875 0.9976851859375 0.5143229171875 0.9976851859375
2 0.3502604171875 0.8888888890625 0.35546875 0.8726851859375 0.3515625 0.8171296296874999 0.34375 0.784722221875 0.3333333328125 0.7731481484375 0.3151041671875 0.7291666671875 0.3020833328125 0.7430555562500001 0.30078125 0.766203703125 0.2903645828125 0.7824074078125001 0.2994791671875 0.8703703703125001 0.3489583328125 0.9444444437499999 0.3528645828125 0.9351851859375 0.3502604171875 0.8888888890625
2 0.20442708281250002 0.9004629625 0.21223958281250002 0.8865740734375 0.21223958281250002 0.828703703125 0.22005208281250002 0.8263888890625 0.20963541718749998 0.7824074078125001 0.21223958281250002 0.7453703703125 0.1927083328125 0.6875 0.1927083328125 0.671296296875 0.1848958328125 0.6620370375 0.1783854171875 0.671296296875 0.1692708328125 0.7430555562500001 0.1744791671875 0.8263888890625 0.1770833328125 0.847222221875 0.20442708281250002 0.9004629625
2 0.3020833328125 0.766203703125 0.3020833328125 0.6805555562500001 0.2786458328125 0.6203703703125 0.2708333328125 0.6226851859375 0.265625 0.64351851875 0.2630208328125 0.7430555562500001 0.2734375 0.7824074078125001 0.2838541671875 0.7916666671875 0.3020833328125 0.766203703125
2 0.1184895828125 0.7476851859375 0.1223958328125 0.6875 0.08723958281250001 0.625 0.07682291718749999 0.6273148140625 0.07161458281250001 0.6574074078125001 0.07942708281250001 0.7175925921874999 0.1028645828125 0.7523148140625 0.1106770828125 0.7569444437499999 0.1184895828125 0.7476851859375
2 0.1666666671875 0.6736111109375 0.1575520828125 0.6273148140625 0.1497395828125 0.6226851859375 0.1276041671875 0.6504629625 0.1263020828125 0.6759259265625001 0.1328125 0.6944444437499999 0.1653645828125 0.7268518515625 0.1666666671875 0.6736111109375
2 0.1966145828125 0.6875 0.20833333281250002 0.703703703125 0.21614583281250002 0.703703703125 0.21354166718749998 0.6041666671875 0.1966145828125 0.5625 0.1888020828125 0.5601851859375 0.17578125 0.6134259265625001 0.1770833328125 0.6620370375 0.1888020828125 0.6574074078125001 0.1979166671875 0.6736111109375 0.1966145828125 0.6875
2 0.07291666718749999 0.534722221875 0.0481770828125 0.4699074078125 0.0364583328125 0.48148148125 0.02734375 0.5324074078125001 0.02734375 0.553240740625 0.046875 0.60648148125 0.06770833281250001 0.625 0.07291666718749999 0.534722221875
2 0.1302083328125 0.5833333328125 0.1510416671875 0.578703703125 0.1497395828125 0.527777778125 0.1341145828125 0.49305555625 0.125 0.49305555625 0.1145833328125 0.5324074078125001 0.1158854171875 0.578703703125 0.1223958328125 0.5995370375 0.1302083328125 0.5833333328125
2 0 0.54398148125 0.0221354171875 0.5601851859375 0.0260416671875 0.49305555625 0.00390625 0.43518518593750005 0 0.43518518593750005 0 0.54398148125
2 0.5078125 0.6875 0.515625 0.6620370375 0.515625 0.60648148125 0.5 0.5486111109375 0.4869791671875 0.546296296875 0.4856770828125 0.571759259375 0.46875 0.5949074078125001 0.4661458328125 0.6458333328125 0.4869791671875 0.6620370375 0.5013020828125 0.6898148140625 0.5078125 0.6875
2 0.4153645828125 0.5 0.4049479171875 0.4953703703125 0.3958333328125 0.5324074078125001 0.3919270828125 0.5300925921874999 0.3919270828125 0.5671296296875 0.4309895828125 0.60648148125 0.4322916671875 0.5740740734374999 0.4153645828125 0.5
2 0.3984375 0.5046296296875 0.3932291671875 0.45601851875 0.3841145828125 0.4328703703125 0.37890625 0.4328703703125 0.3645833328125 0.4699074078125 0.3671875 0.5231481484375 0.3776041671875 0.5393518515625 0.3854166671875 0.5393518515625 0.3984375 0.5046296296875
2 0.3333333328125 0.40972222187499996 0.32421875 0.3611111109375 0.3177083328125 0.358796296875 0.30859375 0.3865740734375 0.3059895828125 0.42129629687500003 0.3098958328125 0.4328703703125 0.33203125 0.44444444375 0.3333333328125 0.40972222187499996
2 0.7296875 0.60078125 0.08515625 0.153125
2 0.94296875 0.9046875 0.1125 0.1890625
2 0.3984375 0.92421875 0.09375 0.1515625
2 0.496875 0.51875 0.065625 0.1234375
2 0.60703125 0.5453125 0.0578125 0.1171875
2 0.6703125 0.70859375 0.0921875 0.1671875
2 0.0359375 0.43671875 0.05 0.11484375