1 0.4869791671875 0.9930555562500001 0.51171875 0.9398148140625 0.5481770828125 0.891203703125 0.578125 0.85648148125 0.5963541671875 0.85648148125 0.6067708328125 0.8425925921875 0.6119791671875 0.8078703703125001 0.6223958328125 0.796296296875 0.62890625 0.766203703125 0.6302083328125 0.715277778125 0.6171875 0.6643518515625 0.6067708328125 0.6458333328125 0.5755208328125 0.625 0.54296875 0.6273148140625 0.46875 0.6898148140625 0.4401041671875 0.733796296875 0.4270833328125 0.7361111109375 0.4205729171875 0.766203703125 0.3736979171875 0.8379629625 0.3658854171875 0.8796296296874999 0.3671875 0.91898148125 0.3919270828125 0.965277778125 0.4361979171875 0.9976851859375 0.4869791671875 0.9930555562500001
1 0.8411458328125001 0.6875 0.8463541671874999 0.66898148125 0.8763020828125001 0.641203703125 0.9036458328125001 0.634259259375 0.9192708328125001 0.5949074078125001 0.9205729171874999 0.54398148125 0.8697916671874999 0.509259259375 0.8307291671874999 0.5046296296875 0.7825520828125 0.54398148125 0.77734375 0.5648148140625 0.7421875 0.6134259265625001 0.7408854171875 0.6458333328125 0.7447916671875 0.652777778125 0.8294270828125001 0.7013888890625 0.8411458328125001 0.6875
2 0.1263020828125 0.4606481484375 0.11328125 0.42592592656250006 0.1067708328125 0.43055555625 0.09895833281250001 0.4606481484375 0.09765625 0.4953703703125 0.1223958328125 0.5625 0.1341145828125 0.5370370375 0.1263020828125 0.4606481484375
2 0.1809895828125 0.5069444437499999 0.171875 0.4699074078125 0.1705729171875 0.43055555625 0.1627604171875 0.4143518515625 0.1536458328125 0.4050925921875 0.1419270828125 0.4074074078125 0.1328125 0.44444444375 0.1315104171875 0.4606481484375 0.1419270828125 0.5 0.1770833328125 0.5254629625 0.1809895828125 0.5069444437499999
1 0.16015625 0.40972222187499996 0.1692708328125 0.4236111109375 0.1731770828125 0.446759259375 0.1979166671875 0.43981481406249995 0.20442708281250002 0.391203703125 0.1953125 0.365740740625 0.1705729171875 0.3356481484375 0.12890625 0.33101851875 0.109375 0.34722222187499996 0.11328125 0.4166666671875 0.1263020828125 0.4513888890625 0.1419270828125 0.40277777812500004 0.16015625 0.40972222187499996
1 0.03515625 0.3726851859375 0.06119791718749999 0.365740740625 0.08333333281250001 0.375 0.08463541718749999 0.3449074078125 0.07552083281250001 0.2800925921875 0.0403645828125 0.2546296296875 0.0078125 0.2638888890625 0 0.27777777812500004 0.0052083328125 0.3425925921875 0.0208333328125 0.34027777812500004 0.03515625 0.3726851859375
2 0.69921875 0.43981481406249995 0.6770833328125 0.4166666671875 0.6614583328125 0.4768518515625 0.66015625 0.5115740734374999 0.6666666671875 0.527777778125 0.6927083328125 0.4953703703125 0.69921875 0.43981481406249995
2 0.8776041671874999 0.9976851859375 0.8958333328125001 0.9490740734375 0.9114583328125001 0.875 0.8971354171874999 0.796296296875 0.8919270828125001 0.7870370375 0.8776041671874999 0.7893518515625 0.84765625 0.8356481484374999 0.8424479171874999 0.9074074078125 0.84765625 0.9120370375 0.8567708328125001 0.9699074078125 0.8776041671874999 0.9976851859375
2 0.7291666671875 0.865740740625 0.7356770828125 0.83101851875 0.7356770828125 0.7615740734374999 0.7200520828125 0.696759259375 0.7083333328125 0.696759259375 0.6927083328125 0.73148148125 0.6848958328125 0.7731481484375 0.6822916671875 0.8078703703125001 0.7122395828125 0.858796296875 0.72265625 0.8703703703125001 0.7291666671875 0.865740740625
2 0.6966145828125 0.9976851859375 0.69921875 0.8611111109375 0.68359375 0.8148148140625 0.6692708328125 0.828703703125 0.6497395828125 0.902777778125 0.6484375 0.928240740625 0.6380208328125 0.9606481484374999 0.6380208328125 0.9976851859375 0.6966145828125 0.9976851859375
2 0.9700520828125001 0.5625 0.9791666671874999 0.5324074078125001 0.9791666671874999 0.509259259375 0.96875 0.4699074078125 0.9609375 0.4699074078125 0.953125 0.490740740625 0.9427083328125001 0.5 0.94140625 0.571759259375 0.9427083328125001 0.5925925921874999 0.9466145828125001 0.5925925921874999 0.9700520828125001 0.5625
2 0.6015625 0.578703703125 0.5833333328125 0.5231481484375 0.5546875 0.571759259375 0.5481770828125 0.5995370375 0.5481770828125 0.6226851859375 0.5950520828125 0.6319444437499999 0.5989583328125 0.625 0.6015625 0.578703703125
2 0.2760416671875 0.5324074078125001 0.27734375 0.5046296296875 0.28515625 0.48842592656250006 0.28515625 0.4583333328125 0.2643229171875 0.428240740625 0.2513020828125 0.45601851875 0.2513020828125 0.5046296296875 0.2591145828125 0.5486111109375 0.2669270828125 0.5601851859375 0.2760416671875 0.5324074078125001
2 0.095703125 0.6134259265625001 0.1223958328125 0.625 0.12109375 0.5740740734374999 0.09244791718749999 0.48379629687500003 0.07161458281250001 0.48148148125 0.06901041718749999 0.49768518593750005 0.078125 0.5138888890625 0.07682291718749999 0.527777778125 0.06640625 0.5370370375 0.06901041718749999 0.5625 0.06510416718749999 0.571759259375 0.07942708281250001 0.6203703703125 0.095703125 0.6134259265625001
2 0.23567708281250002 0.49305555625 0.23307291718749998 0.428240740625 0.21875 0.391203703125 0.20572916718749998 0.3981481484375 0.20182291718749998 0.4166666671875 0.1979166671875 0.4583333328125 0.20442708281250002 0.490740740625 0.22916666718749998 0.5069444437499999 0.23567708281250002 0.49305555625
2 0.3528645828125 0.4421296296875 0.3411458328125 0.4050925921875 0.33203125 0.4050925921875 0.32421875 0.43981481406249995 0.3255208328125 0.4791666671875 0.3450520828125 0.516203703125 0.3502604171875 0.5 0.3528645828125 0.4421296296875
2 0.31640625 0.4583333328125 0.3229166671875 0.4050925921875 0.3125 0.36805555624999997 0.3020833328125 0.36805555624999997 0.2942708328125 0.3981481484375 0.2955729171875 0.4143518515625 0.3020833328125 0.446759259375 0.31640625 0.4583333328125
2 0.2708333328125 0.3125 0.2604166671875 0.296296296875 0.2513020828125 0.3171296296875 0.2552083328125 0.365740740625 0.265625 0.375 0.2747395828125 0.3703703703125 0.2708333328125 0.3125
2 0.1966145828125 0.3541666671875 0.1966145828125 0.3078703703125 0.1848958328125 0.2800925921875 0.1770833328125 0.2824074078125 0.171875 0.303240740625 0.1731770828125 0.3333333328125 0.1927083328125 0.358796296875 0.1966145828125 0.3541666671875