1 0.4765625 0.40972222187499996 0.4700520828125 0.33101851875 0.4622395828125 0.3148148140625 0.42578125 0.321759259375 0.40234375 0.358796296875 0.4049479171875 0.44444444375 0.41796875 0.4328703703125 0.4635416671875 0.43981481406249995 0.4765625 0.40972222187499996
2 0.5026041671875 0.33101851875 0.4973958328125 0.33101851875 0.4908854171875 0.3518518515625 0.4921875 0.41203703750000004 0.4973958328125 0.41898148125 0.51171875 0.358796296875 0.5026041671875 0.33101851875
1 0.3489583328125 0.8379629625 0.3606770828125 0.7870370375 0.3736979171875 0.766203703125 0.37109375 0.703703703125 0.3645833328125 0.6759259265625001 0.3372395828125 0.652777778125 0.3125 0.652777778125 0.2825520828125 0.6666666671875 0.2604166671875 0.7245370375 0.25 0.73148148125 0.2565104171875 0.75 0.24479166718749998 0.7916666671875 0.2513020828125 0.8541666671874999 0.3489583328125 0.8379629625
2 0.2864583328125 0.5763888890625 0.27734375 0.546296296875 0.26953125 0.546296296875 0.2578125 0.5879629625 0.2630208328125 0.6643518515625 0.2708333328125 0.6759259265625001 0.2916666671875 0.6481481484375 0.2864583328125 0.5763888890625
2 0.3177083328125 0.509259259375 0.31640625 0.47453703750000004 0.3098958328125 0.45370370312499997 0.30078125 0.45370370312499997 0.2903645828125 0.49768518593750005 0.2942708328125 0.5046296296875 0.3059895828125 0.49768518593750005 0.3177083328125 0.509259259375
2 0.3776041671875 0.43518518593750005 0.3763020828125 0.3888888890625 0.3671875 0.3611111109375 0.3567708328125 0.3981481484375 0.3567708328125 0.4375 0.359375 0.45370370312499997 0.3658854171875 0.4583333328125 0.3776041671875 0.43518518593750005
1 0.5247395828125 0.222222221875 0.5143229171875 0.1875 0.4817708328125 0.1898148140625 0.47265625 0.222222221875 0.4713541671875 0.27777777812500004 0.51953125 0.2731481484375 0.5247395828125 0.25694444375000003 0.5247395828125 0.222222221875
5 0.67890625 0.69609375 0.1375 0.39453125
5 0.68984375 0.27109375 0.07421875 0.15390625
5 0.53046875 0.66171875 0.12734375 0.3421875
5 0.6125 0.23671875 0.0625 0.18203125
5 0.5130208328125 0.10185185156250001 0.5091145828125 0.1296296296875 0.5169270828125 0.15277777812499999 0.5208333328125 0.1111111109375 0.5130208328125 0.10185185156250001