5 0.65546875 0.66171875 0.13125 0.275
5 0.51328125 0.59609375 0.12421875 0.37890625
5 0.67578125 0.37421875 0.0984375 0.1796875
1 0.5403645828125 0.89351851875 0.5481770828125 0.8009259265625 0.5442708328125 0.7731481484375 0.5299479171875 0.733796296875 0.50390625 0.7291666671875 0.5052083328125 0.9490740734375 0.5130208328125 0.953703703125 0.52734375 0.9421296296874999 0.5403645828125 0.89351851875
1 0.26171875 0.953703703125 0.2981770828125 0.8888888890625 0.3346354171875 0.8888888890625 0.3411458328125 0.8773148140625 0.3411458328125 0.828703703125 0.33203125 0.76851851875 0.3125 0.7291666671875 0.25 0.7361111109375 0.22916666718749998 0.76851851875 0.20963541718749998 0.8240740734375 0.20703125 0.858796296875 0.1966145828125 0.8958333328125001 0.19921875 0.972222221875 0.20442708281250002 0.983796296875 0.21354166718749998 0.983796296875 0.26171875 0.953703703125
1 0.3697916671875 0.7453703703125 0.3763020828125 0.7199074078125001 0.3984375 0.7013888890625 0.4348958328125 0.6875 0.4348958328125 0.6550925921874999 0.42578125 0.6111111109375 0.4140625 0.590277778125 0.3619791671875 0.590277778125 0.3450520828125 0.6041666671875 0.3203125 0.6898148140625 0.3203125 0.73148148125 0.328125 0.7546296296875 0.3567708328125 0.7569444437499999 0.3697916671875 0.7453703703125
1 0.5091145828125 0.3333333328125 0.4934895828125 0.296296296875 0.4622395828125 0.29398148125 0.44140625 0.3356481484375 0.44140625 0.4143518515625 0.4583333328125 0.42129629687500003 0.4856770828125 0.40277777812500004 0.5091145828125 0.3333333328125
1 0.6940104171875 0.5324074078125001 0.7161458328125 0.5254629625 0.6940104171875 0.45370370312499997 0.6484375 0.4513888890625 0.640625 0.4583333328125 0.6315104171875 0.5046296296875 0.62109375 0.516203703125 0.6236979171875 0.527777778125 0.6940104171875 0.5324074078125001
2 0.1302083328125 0.9004629625 0.1354166671875 0.865740740625 0.1236979171875 0.7916666671875 0.1106770828125 0.7615740734374999 0.1028645828125 0.766203703125 0.08854166718749999 0.8171296296874999 0.09505208281250001 0.9259259265625 0.1028645828125 0.9421296296874999 0.1302083328125 0.9004629625
2 0.20572916718749998 0.803240740625 0.20052083281250002 0.7800925921874999 0.20442708281250002 0.7546296296875 0.1888020828125 0.6805555562500001 0.1796875 0.6805555562500001 0.16796875 0.7453703703125 0.1731770828125 0.847222221875 0.1783854171875 0.8541666671874999 0.1966145828125 0.828703703125 0.20572916718749998 0.803240740625
2 0.2565104171875 0.722222221875 0.2513020828125 0.634259259375 0.24088541718749998 0.6041666671875 0.234375 0.608796296875 0.22265625 0.6620370375 0.22395833281250002 0.715277778125 0.23177083281250002 0.759259259375 0.2565104171875 0.722222221875
2 0.3033854171875 0.608796296875 0.2903645828125 0.58101851875 0.2825520828125 0.590277778125 0.2786458328125 0.6111111109375 0.2760416671875 0.6643518515625 0.2864583328125 0.715277778125 0.3020833328125 0.6851851859375 0.3033854171875 0.608796296875
2 0.3424479171875 0.5949074078125001 0.3411458328125 0.5625 0.3294270828125 0.5254629625 0.3216145828125 0.534722221875 0.3138020828125 0.5740740734374999 0.3177083328125 0.634259259375 0.3216145828125 0.6458333328125 0.3294270828125 0.64351851875 0.3424479171875 0.5949074078125001
2 0.296875 0.54398148125 0.2799479171875 0.4861111109375 0.2747395828125 0.4861111109375 0.2669270828125 0.527777778125 0.2669270828125 0.5925925921874999 0.2747395828125 0.608796296875 0.2942708328125 0.5740740734374999 0.296875 0.54398148125
2 0.13671875 0.5694444437499999 0.1471354171875 0.5648148140625 0.1471354171875 0.5324074078125001 0.1380208328125 0.5138888890625 0.109375 0.516203703125 0.09895833281250001 0.49768518593750005 0.08854166718749999 0.5138888890625 0.08723958281250001 0.5393518515625 0.09635416718749999 0.5578703703125 0.1263020828125 0.5601851859375 0.13671875 0.5694444437499999
2 0.4518229171875 0.24305555625 0.4466145828125 0.22916666718749998 0.4401041671875 0.23611111093749998 0.4388020828125 0.2893518515625 0.4466145828125 0.3009259265625 0.4518229171875 0.28472222187499996 0.4518229171875 0.24305555625
2 0.4661458328125 0.2476851859375 0.4609375 0.259259259375 0.4609375 0.2893518515625 0.4739583328125 0.2893518515625 0.4752604171875 0.2615740734375 0.4661458328125 0.2476851859375
2 0.4869791671875 0.2384259265625 0.4817708328125 0.22453703749999998 0.4778645828125 0.22685185156249998 0.4752604171875 0.28472222187499996 0.4869791671875 0.2870370375 0.4908854171875 0.2754629625 0.4869791671875 0.2384259265625
2 0.5091145828125 0.21296296250000002 0.4986979171875 0.1921296296875 0.4934895828125 0.20601851875000002 0.4921875 0.2476851859375 0.5013020828125 0.2638888890625 0.5078125 0.2476851859375 0.5091145828125 0.21296296250000002
1 0.52734375 0.08796296249999999 0.5104166671875 0.08796296249999999 0.5026041671875 0.10648148125000001 0.5052083328125 0.1365740734375 0.5338541671875 0.1296296296875 0.53515625 0.1041666671875 0.52734375 0.08796296249999999
2 0.08984375 0.60703125 0.04140625 0.14765625