2 0.3880208328125 0.8240740734375 0.3919270828125 0.79398148125 0.3932291671875 0.6875 0.37890625 0.652777778125 0.37109375 0.6550925921874999 0.3645833328125 0.6851851859375 0.3606770828125 0.703703703125 0.36328125 0.7731481484375 0.3802083328125 0.828703703125 0.3880208328125 0.8240740734375
2 0.1510416671875 0.8055555562500001 0.1575520828125 0.8055555562500001 0.1692708328125 0.703703703125 0.1575520828125 0.659722221875 0.1497395828125 0.6504629625 0.1419270828125 0.6550925921874999 0.140625 0.6875 0.1302083328125 0.70601851875 0.1419270828125 0.821759259375 0.1510416671875 0.8055555562500001
2 0.1341145828125 0.5671296296875 0.1471354171875 0.5601851859375 0.14453125 0.5115740734374999 0.109375 0.516203703125 0.1041666671875 0.49768518593750005 0.09635416718749999 0.49305555625 0.08463541718749999 0.5254629625 0.08333333281250001 0.5578703703125 0.09114583281250001 0.5694444437499999 0.1080729171875 0.5578703703125 0.1341145828125 0.5671296296875
1 0.54296875 0.259259259375 0.5325520828125 0.20833333281250002 0.5065104171875 0.20833333281250002 0.4973958328125 0.2199074078125 0.4908854171875 0.2384259265625 0.4921875 0.2824074078125 0.5390625 0.27777777812500004 0.54296875 0.259259259375
2 0.5182291671875 0.1643518515625 0.5130208328125 0.1504629625 0.5091145828125 0.15277777812499999 0.5065104171875 0.20370370312500002 0.515625 0.20601851875000002 0.51953125 0.1990740734375 0.5182291671875 0.1643518515625
2 0.5494791671875 0.125 0.54296875 0.1365740734375 0.5416666671875 0.1643518515625 0.5481770828125 0.1828703703125 0.5533854171875 0.1365740734375 0.5494791671875 0.125
1 0.375 0.578703703125 0.3854166671875 0.578703703125 0.3919270828125 0.590277778125 0.4192708328125 0.5555555562500001 0.4401041671875 0.509259259375 0.4388020828125 0.4791666671875 0.4166666671875 0.428240740625 0.3893229171875 0.42592592656250006 0.37109375 0.4375 0.3515625 0.48379629687500003 0.3411458328125 0.49305555625 0.3463541671875 0.5023148140625 0.33984375 0.534722221875 0.3450520828125 0.6041666671875 0.375 0.578703703125
1 0.7083333328125 0.5879629625 0.7122395828125 0.5601851859375 0.6927083328125 0.490740740625 0.6848958328125 0.48379629687500003 0.6380208328125 0.49305555625 0.6145833328125 0.5625 0.625 0.590277778125 0.6510416671875 0.5833333328125 0.7083333328125 0.5879629625
5 0.1731770828125 0.8125 0.1861979171875 0.7754629625 0.1940104171875 0.76851851875 0.1966145828125 0.7453703703125 0.22981770781250002 0.7129629625 0.3268229171875 0.6990740734374999 0.3255208328125 0.6273148140625 0.3151041671875 0.5300925921874999 0.2630208328125 0.5254629625 0.22786458281250002 0.534722221875 0.1744791671875 0.6226851859375 0.1653645828125 0.759259259375 0.1705729171875 0.766203703125 0.16796875 0.8078703703125001 0.1731770828125 0.8125
5 0.671875 0.39453125 0.1015625 0.1953125
5 0.5703125 0.384375 0.07734375 0.2
5 0.4796875 0.75078125 0.16171875 0.453125
5 0.24921875 0.85078125 0.2015625 0.2984375