2 0.4661458328125 0.3356481484375 0.4661458328125 0.2800925921875 0.4596354171875 0.266203703125 0.453125 0.26851851875 0.4505208328125 0.33101851875 0.453125 0.34722222187499996 0.4609375 0.3495370375 0.4661458328125 0.3356481484375
2 0.2942708328125 0.9675925921875 0.3046875 0.9675925921875 0.31640625 0.946759259375 0.3177083328125 0.865740740625 0.3033854171875 0.7893518515625 0.2994791671875 0.7824074078125001 0.2890625 0.7870370375 0.2760416671875 0.85648148125 0.28515625 0.8819444437499999 0.2825520828125 0.9421296296874999 0.2942708328125 0.9675925921875
2 0.3138020828125 0.8263888890625 0.3294270828125 0.8541666671874999 0.3385416671875 0.8263888890625 0.33984375 0.8055555562500001 0.3346354171875 0.7870370375 0.34375 0.7361111109375 0.328125 0.6875 0.3177083328125 0.6875 0.3138020828125 0.715277778125 0.2981770828125 0.75 0.3059895828125 0.76851851875 0.3138020828125 0.8263888890625
2 0.1341145828125 0.5671296296875 0.1471354171875 0.5601851859375 0.1458333328125 0.5046296296875 0.13671875 0.509259259375 0.1263020828125 0.4953703703125 0.1184895828125 0.509259259375 0.10546875 0.509259259375 0.09635416718749999 0.49305555625 0.0859375 0.516203703125 0.08333333281250001 0.5555555562500001 0.09114583281250001 0.5671296296875 0.09895833281250001 0.5578703703125 0.1341145828125 0.5671296296875
2 0.4348958328125 0.2800925921875 0.4361979171875 0.2453703703125 0.4270833328125 0.22685185156249998 0.4192708328125 0.23148148124999998 0.4192708328125 0.27777777812500004 0.4244791671875 0.29398148125 0.4296875 0.29398148125 0.4348958328125 0.2800925921875
1 0.5416666671875 0.1921296296875 0.5299479171875 0.1574074078125 0.5052083328125 0.15972222187500001 0.4947916671875 0.1921296296875 0.4973958328125 0.23148148124999998 0.5377604171875 0.22916666718749998 0.5416666671875 0.2175925921875 0.5416666671875 0.1921296296875
5 0.65390625 0.790625 0.1453125 0.4109375
1 0.70703125 0.578703703125 0.7018229171875 0.5393518515625 0.6940104171875 0.5115740734374999 0.6875 0.5069444437499999 0.640625 0.5069444437499999 0.6223958328125 0.5555555562500001 0.6197916671875 0.5833333328125 0.625 0.590277778125 0.7044270828125 0.590277778125 0.70703125 0.578703703125
5 0.44921875 0.7953125 0.2109375 0.409375
5 0.5640625 0.421875 0.0859375 0.225
5 0.6671875 0.43203125 0.1 0.22265625
1 0.2513020828125 0.76851851875 0.1875 0.766203703125 0.1419270828125 0.7800925921874999 0.07682291718749999 0.909722221875 0.0703125 0.9606481484374999 0.06901041718749999 0.9976851859375 0.26953125 0.9976851859375 0.2708333328125 0.9236111109375 0.2513020828125 0.76851851875
1 0.4934895828125 0.13194444375 0.4778645828125 0.1296296296875 0.4674479171875 0.141203703125 0.46484375 0.15972222187500001 0.46484375 0.1898148140625 0.4934895828125 0.1898148140625 0.5013020828125 0.15277777812499999 0.4934895828125 0.13194444375
1 0.5520833328125 0.18055555625 0.5572916671875 0.141203703125 0.5638020828125 0.13194444375 0.5533854171875 0.125 0.53515625 0.1365740734375 0.53125 0.1504629625 0.5364583328125 0.171296296875 0.5442708328125 0.1828703703125 0.5520833328125 0.18055555625