0 0.18359375 0.83101851875 0.2630208328125 0.8055555562500001 0.3059895828125 0.7800925921874999 0.3151041671875 0.7453703703125 0.3098958328125 0.6111111109375 0.3203125 0.6018518515625 0.3229166671875 0.5671296296875 0.3151041671875 0.546296296875 0.3046875 0.5393518515625 0.2955729171875 0.5023148140625 0.21354166718749998 0.3611111109375 0.1614583328125 0.2893518515625 0.1028645828125 0.2824074078125 0.07942708281250001 0.2986111109375 0.07552083281250001 0.3125 0.07552083281250001 0.4768518515625 0.15625 0.8194444437499999 0.16796875 0.8333333328125001 0.18359375 0.83101851875
2 0.5481770828125 0.7361111109375 0.55859375 0.70601851875 0.5533854171875 0.678240740625 0.5572916671875 0.641203703125 0.5377604171875 0.5925925921874999 0.5299479171875 0.5833333328125 0.5208333328125 0.5879629625 0.51953125 0.5995370375 0.50390625 0.6134259265625001 0.4908854171875 0.64351851875 0.4908854171875 0.6828703703125 0.5013020828125 0.7083333328125 0.5390625 0.7384259265625001 0.5481770828125 0.7361111109375
2 0.5104166671875 0.5833333328125 0.5130208328125 0.590277778125 0.5182291671875 0.5763888890625 0.5416666671875 0.5856481484375 0.5559895828125 0.6296296296875 0.5638020828125 0.5925925921874999 0.5611979171875 0.5254629625 0.5442708328125 0.4953703703125 0.5286458328125 0.5046296296875 0.5208333328125 0.5231481484375 0.5143229171875 0.5625 0.5091145828125 0.5671296296875 0.5130208328125 0.571759259375 0.5104166671875 0.5833333328125
2 0.4114583328125 0.5231481484375 0.4049479171875 0.4606481484375 0.3919270828125 0.4328703703125 0.3723958328125 0.446759259375 0.3684895828125 0.4583333328125 0.3645833328125 0.47222222187499996 0.3671875 0.5208333328125 0.40234375 0.5578703703125 0.4114583328125 0.5231481484375
2 0.01953125 0.534722221875 0.0364583328125 0.5324074078125001 0.0403645828125 0.51851851875 0.0364583328125 0.5138888890625 0.03515625 0.4143518515625 0.0208333328125 0.36805555624999997 0.009114582812499999 0.3865740734375 0.0078125 0.44444444375 0.015625 0.4699074078125 0.0169270828125 0.527777778125 0.01953125 0.534722221875
2 0.06770833281250001 0.446759259375 0.06510416718749999 0.3796296296875 0.0481770828125 0.3356481484375 0.04296875 0.3356481484375 0.0377604171875 0.3541666671875 0.0390625 0.41898148125 0.0481770828125 0.4421296296875 0.06380208281250001 0.45601851875 0.06770833281250001 0.446759259375
2 0.7682291671875 0.8009259265625 0.76171875 0.7013888890625 0.75 0.659722221875 0.73828125 0.6574074078125001 0.7291666671875 0.6828703703125 0.7122395828125 0.696759259375 0.6966145828125 0.7245370375 0.6966145828125 0.7708333328125 0.7317708328125 0.7824074078125001 0.7473958328125 0.8078703703125001 0.7682291671875 0.8009259265625
2 0.7864583328125 0.98148148125 0.8033854171874999 0.9444444437499999 0.80078125 0.902777778125 0.7825520828125 0.884259259375 0.7838541671875 0.8263888890625 0.7747395828125 0.8078703703125001 0.7252604171875 0.8148148140625 0.7005208328125 0.8356481484374999 0.6927083328125 0.858796296875 0.69140625 0.8726851859375 0.7018229171875 0.9074074078125 0.7747395828125 0.9861111109375 0.7864583328125 0.98148148125
2 0.9283854171874999 0.9791666671874999 0.9375 0.9976851859375 0.9596354171874999 0.9976851859375 0.9661458328125001 0.9861111109375 0.9700520828125001 0.8888888890625 0.9778645828125001 0.8333333328125001 0.9674479171874999 0.8101851859375 0.9544270828125001 0.8125 0.92578125 0.796296296875 0.9140625 0.828703703125 0.8841145828125001 0.828703703125 0.8723958328125001 0.85648148125 0.859375 0.85648148125 0.8502604171874999 0.8680555562500001 0.8502604171874999 0.9004629625 0.8606770828125001 0.921296296875 0.8736979171874999 0.9259259265625 0.9283854171874999 0.9791666671874999
2 0.7565104171875 0.5046296296875 0.7591145828125 0.4699074078125 0.7473958328125 0.4074074078125 0.7395833328125 0.4074074078125 0.71875 0.4421296296875 0.7109375 0.48379629687500003 0.7122395828125 0.51851851875 0.7317708328125 0.5046296296875 0.7434895828125 0.5138888890625 0.7565104171875 0.5046296296875
2 0.9049479171874999 0.40046296249999996 0.8854166671874999 0.391203703125 0.87109375 0.44907407343749994 0.8723958328125001 0.4953703703125 0.88671875 0.48379629687500003 0.8997395828125001 0.49305555625 0.9049479171874999 0.40046296249999996
2 0.8684895828125001 0.42592592656250006 0.8671875 0.391203703125 0.8606770828125001 0.3726851859375 0.8567708328125001 0.3703703703125 0.83984375 0.40277777812500004 0.8333333328125001 0.43981481406249995 0.8411458328125001 0.45370370312499997 0.859375 0.45370370312499997 0.8684895828125001 0.42592592656250006
2 0.9986979171874999 0.5949074078125001 0.9869791671874999 0.590277778125 0.9817708328125001 0.5995370375 0.9674479171874999 0.659722221875 0.96875 0.715277778125 0.9817708328125001 0.715277778125 0.9986979171874999 0.6921296296875 0.9986979171874999 0.5949074078125001
2 0.3294270828125 0.34027777812500004 0.3229166671875 0.3356481484375 0.30859375 0.3726851859375 0.30859375 0.41898148125 0.33203125 0.43518518593750005 0.3385416671875 0.3726851859375 0.3294270828125 0.34027777812500004
2 0.43359375 0.4606481484375 0.4192708328125 0.384259259375 0.4114583328125 0.3865740734375 0.4088541671875 0.40972222187499996 0.4010416671875 0.41898148125 0.3984375 0.43518518593750005 0.41015625 0.4768518515625 0.42578125 0.4953703703125 0.43359375 0.4606481484375
2 0.2421875 0.3240740734375 0.23177083281250002 0.30555555624999997 0.21875 0.3240740734375 0.22005208281250002 0.3726851859375 0.23567708281250002 0.3958333328125 0.24088541718749998 0.3773148140625 0.2421875 0.3240740734375
2 0.1875 0.2754629625 0.1809895828125 0.266203703125 0.1705729171875 0.2754629625 0.16796875 0.2893518515625 0.1888020828125 0.31944444375000003 0.19140625 0.2893518515625 0.1875 0.2754629625
2 0.98046875 0.4768518515625 0.9921875 0.4583333328125 0.9934895828125001 0.43981481406249995 0.9856770828125001 0.41203703750000004 0.9674479171874999 0.43055555625 0.9583333328125001 0.46527777812500004 0.9557291671874999 0.5069444437499999 0.9622395828125001 0.516203703125 0.9791666671874999 0.5 0.98046875 0.4768518515625
2 0.9622395828125001 0.4513888890625 0.9661458328125001 0.41203703750000004 0.9557291671874999 0.391203703125 0.9309895828125001 0.4375 0.9309895828125001 0.47453703750000004 0.9361979171874999 0.48379629687500003 0.9518229171874999 0.47222222187499996 0.9622395828125001 0.4513888890625
2 0.9309895828125001 0.384259259375 0.921875 0.391203703125 0.9166666671874999 0.40277777812500004 0.9192708328125001 0.44444444375 0.9361979171874999 0.4166666671875 0.9309895828125001 0.384259259375
1 0.07161458281250001 0.3171296296875 0.08072916718749999 0.27777777812500004 0.06119791718749999 0.22685185156249998 0.006510417187500001 0.22685185156249998 0 0.23148148124999998 0.014322917187500001 0.303240740625 0.0286458328125 0.3148148140625 0.07161458281250001 0.3171296296875