2 0.9505208328125001 0.615740740625 0.9388020828125001 0.553240740625 0.9309895828125001 0.5555555562500001 0.9036458328125001 0.6041666671875 0.90625 0.66898148125 0.9114583328125001 0.6851851859375 0.9296875 0.671296296875 0.9505208328125001 0.615740740625
2 0.6145833328125 0.70601851875 0.6223958328125 0.6875 0.65234375 0.6759259265625001 0.6640625 0.6296296296875 0.6458333328125 0.5578703703125 0.6354166671875 0.5601851859375 0.6236979171875 0.5879629625 0.61328125 0.5949074078125001 0.6158854171875 0.6273148140625 0.6028645828125 0.6828703703125 0.6067708328125 0.7083333328125 0.6145833328125 0.70601851875
2 0.4622395828125 0.634259259375 0.4609375 0.571759259375 0.4518229171875 0.5300925921874999 0.4401041671875 0.5486111109375 0.4322916671875 0.6203703703125 0.44140625 0.6759259265625001 0.4505208328125 0.6828703703125 0.4622395828125 0.634259259375
2 0.4934895828125 0.590277778125 0.5130208328125 0.60648148125 0.5182291671875 0.5879629625 0.5104166671875 0.51851851875 0.5065104171875 0.490740740625 0.4973958328125 0.48842592656250006 0.49609375 0.5046296296875 0.4856770828125 0.5254629625 0.4869791671875 0.571759259375 0.4934895828125 0.590277778125
2 0.5221354171875 0.928240740625 0.5403645828125 0.9953703703125001 0.5520833328125 0.9976851859375 0.5481770828125 0.8055555562500001 0.5325520828125 0.759259259375 0.5234375 0.7615740734374999 0.5143229171875 0.7893518515625 0.5052083328125 0.7893518515625 0.5013020828125 0.8194444437499999 0.51171875 0.8680555562500001 0.5052083328125 0.928240740625 0.5221354171875 0.928240740625
2 0.4765625 0.828703703125 0.484375 0.8148148140625 0.4908854171875 0.703703703125 0.4778645828125 0.6828703703125 0.47265625 0.652777778125 0.4609375 0.659722221875 0.4505208328125 0.696759259375 0.4557291671875 0.8055555562500001 0.4583333328125 0.821759259375 0.4765625 0.828703703125
2 0.29296875 0.7615740734374999 0.2981770828125 0.7615740734374999 0.31640625 0.7268518515625 0.3203125 0.6458333328125 0.3020833328125 0.6319444437499999 0.2955729171875 0.6041666671875 0.2864583328125 0.608796296875 0.2799479171875 0.641203703125 0.2838541671875 0.7476851859375 0.2864583328125 0.766203703125 0.29296875 0.7731481484375 0.29296875 0.7615740734374999
2 0.37890625 0.891203703125 0.34765625 0.8541666671874999 0.3372395828125 0.85648148125 0.3255208328125 0.8726851859375 0.3059895828125 0.9976851859375 0.3684895828125 0.9976851859375 0.3802083328125 0.9328703703125001 0.37890625 0.891203703125
2 0.3880208328125 0.7523148140625 0.3997395828125 0.7106481484375 0.3971354171875 0.6620370375 0.3802083328125 0.6111111109375 0.3723958328125 0.60648148125 0.359375 0.6550925921874999 0.3580729171875 0.740740740625 0.3645833328125 0.766203703125 0.3723958328125 0.76851851875 0.3880208328125 0.7523148140625
2 0.2708333328125 0.58101851875 0.265625 0.5416666671875 0.2708333328125 0.516203703125 0.2669270828125 0.51851851875 0.2630208328125 0.5 0.2669270828125 0.48842592656250006 0.2552083328125 0.45601851875 0.23958333281250002 0.4768518515625 0.234375 0.5115740734374999 0.23567708281250002 0.590277778125 0.2669270828125 0.5879629625 0.2708333328125 0.58101851875
2 0.11328125 0.5231481484375 0.09765625 0.5023148140625 0.08072916718749999 0.5370370375 0.08203125 0.6180555562500001 0.1263020828125 0.634259259375 0.1302083328125 0.578703703125 0.11328125 0.5231481484375
2 0.1692708328125 0.5879629625 0.1692708328125 0.516203703125 0.14453125 0.46296296249999996 0.1380208328125 0.4583333328125 0.1328125 0.4699074078125 0.1276041671875 0.5231481484375 0.1354166671875 0.5740740734374999 0.1653645828125 0.597222221875 0.1692708328125 0.5879629625
2 0.0403645828125 0.5740740734374999 0.0208333328125 0.516203703125 0.0078125 0.5231481484375 0 0.5763888890625 0.0169270828125 0.615740740625 0.0390625 0.64351851875 0.0403645828125 0.5740740734374999
2 0.05729166718749999 0.5208333328125 0.06119791718749999 0.509259259375 0.0377604171875 0.4583333328125 0.03125 0.4583333328125 0.0234375 0.48379629687500003 0.0182291671875 0.5115740734374999 0.05208333281250001 0.6018518515625 0.05989583281250001 0.5671296296875 0.05729166718749999 0.5208333328125
2 0.23697916718749998 0.47222222187499996 0.234375 0.4375 0.21875 0.391203703125 0.20442708281250002 0.41203703750000004 0.203125 0.42592592656250006 0.20182291718749998 0.46296296249999996 0.20833333281250002 0.4953703703125 0.23046875 0.5069444437499999 0.23697916718749998 0.47222222187499996
2 0.2903645828125 0.41203703750000004 0.2799479171875 0.384259259375 0.2734375 0.3865740734375 0.2669270828125 0.41203703750000004 0.2799479171875 0.48148148125 0.2877604171875 0.490740740625 0.2903645828125 0.41203703750000004
2 0.30859375 0.3449074078125 0.2981770828125 0.3726851859375 0.3033854171875 0.428240740625 0.3216145828125 0.44444444375 0.3216145828125 0.3703703703125 0.30859375 0.3449074078125
2 0.6067708328125 0.4768518515625 0.6197916671875 0.45601851875 0.6145833328125 0.42129629687500003 0.5885416671875 0.42592592656250006 0.5768229171875 0.4050925921875 0.5638020828125 0.4050925921875 0.5572916671875 0.41898148125 0.5546875 0.4675925921875 0.55859375 0.47222222187499996 0.5859375 0.46296296249999996 0.6067708328125 0.4768518515625
2 0.3880208328125 0.516203703125 0.3802083328125 0.44444444375 0.3723958328125 0.4236111109375 0.3671875 0.42592592656250006 0.359375 0.4513888890625 0.3606770828125 0.49768518593750005 0.3645833328125 0.5069444437499999 0.3880208328125 0.516203703125
2 0.4192708328125 0.43055555625 0.4231770828125 0.3634259265625 0.4114583328125 0.3425925921875 0.4036458328125 0.3541666671875 0.4010416671875 0.40277777812500004 0.40234375 0.43055555625 0.4075520828125 0.43981481406249995 0.4192708328125 0.43055555625
2 0.2708333328125 0.3125 0.2643229171875 0.2893518515625 0.2552083328125 0.2893518515625 0.24869791718749998 0.3148148140625 0.24479166718749998 0.3333333328125 0.24869791718749998 0.3495370375 0.2708333328125 0.3449074078125 0.2708333328125 0.3125
2 0.09895833281250001 0.48148148125 0.09635416718749999 0.4236111109375 0.0859375 0.3888888890625 0.07552083281250001 0.384259259375 0.06770833281250001 0.40972222187499996 0.06640625 0.4236111109375 0.07942708281250001 0.45601851875 0.07942708281250001 0.47222222187499996 0.09895833281250001 0.48148148125
1 0.1731770828125 0.446759259375 0.20052083281250002 0.43518518593750005 0.20572916718749998 0.391203703125 0.1966145828125 0.3634259265625 0.171875 0.3356481484375 0.1354166671875 0.328703703125 0.1106770828125 0.34722222187499996 0.1106770828125 0.365740740625 0.1419270828125 0.391203703125 0.16796875 0.428240740625 0.1731770828125 0.446759259375
2 0.1380208328125 0.4074074078125 0.1223958328125 0.36805555624999997 0.1106770828125 0.3726851859375 0.109375 0.44444444375 0.1223958328125 0.4675925921875 0.13671875 0.43518518593750005 0.1380208328125 0.4074074078125
2 0.1341145828125 0.303240740625 0.1236979171875 0.2800925921875 0.1106770828125 0.29398148125 0.109375 0.3171296296875 0.1145833328125 0.3379629625 0.1341145828125 0.3240740734375 0.1341145828125 0.303240740625
2 0.1770833328125 0.2384259265625 0.1692708328125 0.22916666718749998 0.1575520828125 0.2384259265625 0.1588541671875 0.2754629625 0.1731770828125 0.28472222187499996 0.1796875 0.2476851859375 0.1770833328125 0.2384259265625
2 0.1575520828125 0.4861111109375 0.1666666671875 0.48148148125 0.1731770828125 0.48842592656250006 0.1653645828125 0.4236111109375 0.1484375 0.40046296249999996 0.14453125 0.4050925921875 0.1419270828125 0.43518518593750005 0.15234375 0.4583333328125 0.1497395828125 0.47222222187499996 0.1575520828125 0.4861111109375
2 0.3723958328125 0.5995370375 0.3841145828125 0.608796296875 0.3919270828125 0.5833333328125 0.3919270828125 0.5555555562500001 0.3828125 0.5231481484375 0.3671875 0.509259259375 0.3567708328125 0.5324074078125001 0.35546875 0.590277778125 0.3606770828125 0.6134259265625001 0.3645833328125 0.6180555562500001 0.3723958328125 0.5995370375
2 0.4635416671875 0.490740740625 0.4479166671875 0.44907407343749994 0.43359375 0.4791666671875 0.4309895828125 0.5393518515625 0.4348958328125 0.54398148125 0.4583333328125 0.5254629625 0.4635416671875 0.490740740625
2 0.2513020828125 0.953703703125 0.2552083328125 0.9050925921875 0.24739583281250002 0.8541666671874999 0.24348958281250002 0.847222221875 0.21875 0.8495370375 0.20833333281250002 0.8240740734375 0.1966145828125 0.840277778125 0.1901041671875 0.8796296296874999 0.1953125 0.9050925921875 0.23567708281250002 0.965277778125 0.2513020828125 0.953703703125
1 0.07552083281250001 0.36805555624999997 0.08333333281250001 0.34027777812500004 0.08072916718749999 0.3171296296875 0.05859375 0.2731481484375 0.0286458328125 0.25694444375000003 0.009114582812499999 0.2615740734375 0.00390625 0.2708333328125 0.00390625 0.3101851859375 0.0338541671875 0.3796296296875 0.05729166718749999 0.365740740625 0.07552083281250001 0.36805555624999997