2 0.265625 0.6226851859375 0.2747395828125 0.6296296296875 0.2877604171875 0.615740740625 0.2942708328125 0.578703703125 0.2799479171875 0.5023148140625 0.2708333328125 0.5023148140625 0.26953125 0.5231481484375 0.2591145828125 0.534722221875 0.2591145828125 0.571759259375 0.265625 0.6226851859375
2 0.1263020828125 0.909722221875 0.1497395828125 0.884259259375 0.1575520828125 0.8611111109375 0.15234375 0.75 0.1393229171875 0.722222221875 0.1302083328125 0.73148148125 0.1302083328125 0.7476851859375 0.1158854171875 0.784722221875 0.1171875 0.8518518515625001 0.1263020828125 0.909722221875
5 0.38515625 0.5015625 0.10703125 0.303125
2 0.4309895828125 0.2893518515625 0.4270833328125 0.303240740625 0.4309895828125 0.34722222187499996 0.44140625 0.3518518515625 0.4440104171875 0.3009259265625 0.4309895828125 0.2893518515625
2 0.48828125 0.27777777812500004 0.4817708328125 0.2615740734375 0.47265625 0.27777777812500004 0.4739583328125 0.33101851875 0.4817708328125 0.3449074078125 0.4895833328125 0.321759259375 0.48828125 0.27777777812500004
2 0.4557291671875 0.2916666671875 0.4557291671875 0.25 0.4505208328125 0.23379629687499998 0.44140625 0.2384259265625 0.4375 0.259259259375 0.44140625 0.29398148125 0.4479166671875 0.3078703703125 0.4557291671875 0.2916666671875
1 0.5065104171875 0.1458333328125 0.49609375 0.125 0.4765625 0.1273148140625 0.4674479171875 0.1481481484375 0.4661458328125 0.18055555625 0.4986979171875 0.178240740625 0.5065104171875 0.1666666671875 0.5065104171875 0.1458333328125
2 0.5247395828125 0.141203703125 0.5208333328125 0.1365740734375 0.515625 0.15277777812499999 0.51171875 0.1921296296875 0.5208333328125 0.19444444375 0.52734375 0.1828703703125 0.5247395828125 0.141203703125
1 0.3111979171875 0.8773148140625 0.3125 0.891203703125 0.3294270828125 0.8888888890625 0.32421875 0.803240740625 0.3098958328125 0.75 0.2981770828125 0.733796296875 0.23567708281250002 0.7384259265625001 0.21223958281250002 0.7708333328125 0.1822916671875 0.8449074078125 0.1692708328125 0.8541666671874999 0.17578125 0.8796296296874999 0.16015625 0.9305555562500001 0.16015625 0.9976851859375 0.24739583281250002 0.9953703703125001 0.30078125 0.8680555562500001 0.3111979171875 0.8773148140625
1 0.5455729171875 0.8680555562500001 0.54296875 0.828703703125 0.5520833328125 0.8148148140625 0.5442708328125 0.7731481484375 0.5299479171875 0.7361111109375 0.5052083328125 0.7291666671875 0.5052083328125 0.953703703125 0.5130208328125 0.95601851875 0.5286458328125 0.9398148140625 0.5455729171875 0.8680555562500001
5 0.65625 0.6609375 0.12890625 0.2765625
1 0.7044270828125 0.5324074078125001 0.7161458328125 0.5254629625 0.6940104171875 0.45370370312499997 0.6419270828125 0.45601851875 0.6315104171875 0.5046296296875 0.62109375 0.516203703125 0.6236979171875 0.527777778125 0.7044270828125 0.5324074078125001
1 0.5611979171875 0.1273148140625 0.57421875 0.1111111109375 0.5690104171875 0.0949074078125 0.5442708328125 0.0949074078125 0.5338541671875 0.11342592656249999 0.53125 0.1365740734375 0.5364583328125 0.17361111093749998 0.5494791671875 0.171296296875 0.5611979171875 0.1273148140625
5 0.5171875 0.6 0.13359375 0.3703125
5 0.675 0.3671875 0.09296875 0.1828125