0 0.21223958281250002 0.615740740625 0.22005208281250002 0.6550925921874999 0.2513020828125 0.7013888890625 0.2643229171875 0.7013888890625 0.34375 0.6736111109375 0.3763020828125 0.652777778125 0.3802083328125 0.6273148140625 0.3763020828125 0.5 0.3854166671875 0.4699074078125 0.37890625 0.4606481484375 0.3736979171875 0.4050925921875 0.25 0.2870370375 0.23567708281250002 0.259259259375 0.21354166718749998 0.2384259265625 0.1302083328125 0.23611111093749998 0.1106770828125 0.2453703703125 0.1158854171875 0.4328703703125 0.1419270828125 0.4699074078125 0.1484375 0.49768518593750005 0.21223958281250002 0.615740740625
2 0.21484375 0.803240740625 0.22005208281250002 0.83101851875 0.22526041718749998 0.8333333328125001 0.23567708281250002 0.7476851859375 0.23177083281250002 0.6875 0.20833333281250002 0.6388888890625 0.1848958328125 0.6875 0.18359375 0.7384259265625001 0.1888020828125 0.7638888890625 0.20442708281250002 0.7986111109375 0.21484375 0.803240740625
2 0.06119791718749999 0.9745370375 0.0703125 0.9328703703125001 0.08203125 0.9305555562500001 0.109375 0.8773148140625 0.1041666671875 0.821759259375 0.09895833281250001 0.8055555562500001 0.08072916718749999 0.803240740625 0.07682291718749999 0.7893518515625 0.05989583281250001 0.7731481484375 0.05078125 0.7893518515625 0.0403645828125 0.840277778125 0.03515625 0.8958333328125001 0.0442708328125 0.9606481484374999 0.05208333281250001 0.9745370375 0.06119791718749999 0.9745370375
2 0.7252604171875 0.8796296296874999 0.7565104171875 0.9004629625 0.8046875 0.9490740734375 0.8294270828125001 0.91898148125 0.8203125 0.9004629625 0.8229166671874999 0.8865740734375 0.8151041671874999 0.8703703703125001 0.8072916671874999 0.796296296875 0.7903645828125 0.7615740734374999 0.7734375 0.766203703125 0.7252604171875 0.8240740734375 0.7356770828125 0.8634259265625 0.7330729171875 0.8726851859375 0.7239583328125 0.8680555562500001 0.7252604171875 0.8796296296874999
2 0.7473958328125 0.509259259375 0.7552083328125 0.4699074078125 0.7395833328125 0.4074074078125 0.7317708328125 0.41203703750000004 0.7083333328125 0.47222222187499996 0.70703125 0.5208333328125 0.7278645828125 0.5069444437499999 0.7356770828125 0.516203703125 0.7473958328125 0.509259259375
2 0.83984375 0.5 0.8424479171874999 0.4606481484375 0.8372395828125001 0.428240740625 0.8072916671874999 0.46527777812500004 0.8059895828125001 0.5416666671875 0.8125 0.5300925921874999 0.8333333328125001 0.5231481484375 0.83984375 0.5
2 0.09244791718749999 0.5115740734374999 0.09895833281250001 0.4861111109375 0.07161458281250001 0.43981481406249995 0.06380208281250001 0.4421296296875 0.05859375 0.4699074078125 0.05729166718749999 0.509259259375 0.06640625 0.5393518515625 0.09114583281250001 0.571759259375 0.09244791718749999 0.5115740734374999
2 0 0.428240740625 0.014322917187500001 0.4606481484375 0.0247395828125 0.46527777812500004 0.0286458328125 0.45370370312499997 0.0260416671875 0.39351851875 0.0052083328125 0.36805555624999997 0 0.384259259375 0 0.428240740625
1 0.09505208281250001 0.3101851859375 0.09505208281250001 0.2754629625 0.07421875 0.23611111093749998 0.0364583328125 0.23611111093749998 0.02734375 0.2476851859375 0.0247395828125 0.2546296296875 0.0481770828125 0.27777777812500004 0.06119791718749999 0.3125 0.09505208281250001 0.3101851859375
2 0.8645833328125001 0.391203703125 0.8541666671874999 0.3726851859375 0.8385416671874999 0.40046296249999996 0.8450520828125001 0.45601851875 0.8528645828125001 0.4606481484375 0.8619791671874999 0.43981481406249995 0.8645833328125001 0.391203703125
2 0.8971354171874999 0.43518518593750005 0.8893229171874999 0.39351851875 0.8723958328125001 0.3981481484375 0.8684895828125001 0.41898148125 0.8723958328125001 0.43055555625 0.8684895828125001 0.48379629687500003 0.890625 0.48148148125 0.8971354171874999 0.43518518593750005
4 0.7984375 0.2265625 0.03203125 0.09453125