5 0.3971354171875 0.5509259265625001 0.4453125 0.5416666671875 0.4453125 0.516203703125 0.4791666671875 0.40972222187499996 0.46875 0.328703703125 0.4036458328125 0.3263888890625 0.3880208328125 0.3541666671875 0.3841145828125 0.375 0.3763020828125 0.47453703750000004 0.3841145828125 0.4861111109375 0.3893229171875 0.54398148125 0.3971354171875 0.5509259265625001
1 0.5442708328125 0.8726851859375 0.5416666671875 0.8263888890625 0.5520833328125 0.821759259375 0.5520833328125 0.8148148140625 0.5481770828125 0.7870370375 0.53125 0.7384259265625001 0.5052083328125 0.7291666671875 0.5052083328125 0.953703703125 0.5091145828125 0.9583333328125001 0.5286458328125 0.9398148140625 0.5442708328125 0.8726851859375
1 0.3268229171875 0.8356481484374999 0.33984375 0.7870370375 0.3528645828125 0.7708333328125 0.3489583328125 0.696759259375 0.3255208328125 0.6481481484375 0.2981770828125 0.6458333328125 0.2682291671875 0.6574074078125001 0.2526041671875 0.6828703703125 0.24479166718749998 0.715277778125 0.23046875 0.73148148125 0.23567708281250002 0.7615740734374999 0.22916666718749998 0.8009259265625 0.23567708281250002 0.8449074078125 0.3268229171875 0.8356481484374999
5 0.6609375 0.66484375 0.12578125 0.27578125
1 0.6419270828125 0.534722221875 0.7161458328125 0.5254629625 0.6940104171875 0.45370370312499997 0.6419270828125 0.45601851875 0.62890625 0.5115740734374999 0.6197916671875 0.51851851875 0.62109375 0.527777778125 0.6419270828125 0.534722221875
2 0.4479166671875 0.25 0.4427083328125 0.240740740625 0.4348958328125 0.259259259375 0.4322916671875 0.2800925921875 0.4427083328125 0.3125 0.44921875 0.2986111109375 0.4479166671875 0.25
2 0.4427083328125 0.321759259375 0.4427083328125 0.2893518515625 0.4388020828125 0.27777777812500004 0.4322916671875 0.2870370375 0.4270833328125 0.2986111109375 0.4270833328125 0.3240740734375 0.4375 0.3263888890625 0.4427083328125 0.321759259375
1 0.5091145828125 0.22916666718749998 0.4817708328125 0.22916666718749998 0.46875 0.259259259375 0.4700520828125 0.3101851859375 0.5169270828125 0.3009259265625 0.51953125 0.2546296296875 0.5091145828125 0.22916666718749998
2 0.140625 0.9074074078125 0.1354166671875 0.8449074078125 0.1223958328125 0.8125 0.1106770828125 0.8171296296874999 0.09114583281250001 0.8680555562500001 0.1002604171875 0.9444444437499999 0.1380208328125 0.9444444437499999 0.140625 0.9074074078125
2 0.3880208328125 0.6805555562500001 0.3958333328125 0.6574074078125001 0.3971354171875 0.578703703125 0.38671875 0.5486111109375 0.3763020828125 0.5555555562500001 0.3684895828125 0.58101851875 0.3697916671875 0.6736111109375 0.3828125 0.671296296875 0.3880208328125 0.6805555562500001
2 0.3151041671875 0.4583333328125 0.2981770828125 0.40046296249999996 0.2890625 0.428240740625 0.2890625 0.48148148125 0.3033854171875 0.509259259375 0.3151041671875 0.4861111109375 0.3151041671875 0.4583333328125
2 0.1380208328125 0.5694444437499999 0.1471354171875 0.5625 0.1471354171875 0.49768518593750005 0.1419270828125 0.4791666671875 0.1380208328125 0.49305555625 0.1223958328125 0.5023148140625 0.109375 0.5046296296875 0.09765625 0.49305555625 0.08463541718749999 0.5231481484375 0.08203125 0.5555555562500001 0.09114583281250001 0.571759259375 0.1080729171875 0.5578703703125 0.1380208328125 0.5694444437499999
2 0.4661458328125 0.1921296296875 0.4583333328125 0.20370370312500002 0.4609375 0.23148148124999998 0.4700520828125 0.2384259265625 0.4713541671875 0.20833333281250002 0.4661458328125 0.1921296296875
2 0.4934895828125 0.15972222187500001 0.4869791671875 0.1759259265625 0.4856770828125 0.20833333281250002 0.4934895828125 0.20833333281250002 0.4973958328125 0.1921296296875 0.4934895828125 0.15972222187500001
2 0.5026041671875 0.1828703703125 0.49609375 0.1990740734375 0.4934895828125 0.22453703749999998 0.51171875 0.22685185156249998 0.5091145828125 0.1898148140625 0.5026041671875 0.1828703703125
2 0.5143229171875 0.1550925921875 0.5104166671875 0.13888888906250002 0.5052083328125 0.13888888906250002 0.5013020828125 0.15277777812499999 0.5091145828125 0.1921296296875 0.5143229171875 0.18055555625 0.5143229171875 0.1550925921875
2 0.23567708281250002 0.4328703703125 0.22786458281250002 0.40046296249999996 0.2109375 0.4050925921875 0.1901041671875 0.39351851875 0.1731770828125 0.40972222187499996 0.1692708328125 0.446759259375 0.17578125 0.4583333328125 0.22395833281250002 0.45601851875 0.23567708281250002 0.4328703703125
5 0.51953125 0.5953125 0.11796875 0.3609375
5 0.6703125 0.37734375 0.09921875 0.17734375