1 0.3216145828125 0.6296296296875 0.375 0.5578703703125 0.3723958328125 0.5023148140625 0.3580729171875 0.446759259375 0.3138020828125 0.45601851875 0.2981770828125 0.48148148125 0.2760416671875 0.5324074078125001 0.27734375 0.6180555562500001 0.2825520828125 0.6388888890625 0.3216145828125 0.6296296296875
1 0.22439236093749998 0.8888888890625 0.2552083328125 0.9074074078125 0.2604166671875 0.8611111109375 0.2825520828125 0.8171296296874999 0.2838541671875 0.7731481484375 0.2942708328125 0.7245370375 0.3020833328125 0.715277778125 0.2916666671875 0.7106481484375 0.2877604171875 0.6759259265625001 0.2734375 0.6458333328125 0.21223958281250002 0.6481481484375 0.1510416671875 0.7569444437499999 0.140625 0.8101851859375 0.1393229171875 0.85648148125 0.15234375 0.9050925921875 0.1783854171875 0.891203703125 0.22439236093749998 0.8888888890625
1 0.4231770828125 0.527777778125 0.4388020828125 0.4953703703125 0.4427083328125 0.4768518515625 0.4388020828125 0.41898148125 0.4270833328125 0.3796296296875 0.38671875 0.38194444375000003 0.36328125 0.428240740625 0.3619791671875 0.4606481484375 0.3763020828125 0.5254629625 0.41015625 0.5208333328125 0.4231770828125 0.527777778125
1 0.5572916671875 0.60648148125 0.5325520828125 0.5740740734374999 0.5078125 0.578703703125 0.5078125 0.759259259375 0.5520833328125 0.7569444437499999 0.56640625 0.6504629625 0.5572916671875 0.60648148125
2 0.09895833281250001 0.858796296875 0.10546875 0.8773148140625 0.1328125 0.8495370375 0.1341145828125 0.803240740625 0.1302083328125 0.7430555562500001 0.12109375 0.733796296875 0.1158854171875 0.7106481484375 0.1067708328125 0.7129629625 0.1067708328125 0.73148148125 0.09114583281250001 0.7731481484375 0.09895833281250001 0.784722221875 0.09895833281250001 0.858796296875
2 0.1966145828125 0.634259259375 0.1796875 0.5879629625 0.1731770828125 0.590277778125 0.1640625 0.6273148140625 0.1614583328125 0.6550925921874999 0.1692708328125 0.7106481484375 0.1927083328125 0.6759259265625001 0.1966145828125 0.634259259375
2 0.22786458281250002 0.6458333328125 0.23958333281250002 0.6388888890625 0.24348958281250002 0.6111111109375 0.23828125 0.54398148125 0.23177083281250002 0.5208333328125 0.22265625 0.527777778125 0.21484375 0.5648148140625 0.21484375 0.625 0.22005208281250002 0.6458333328125 0.22786458281250002 0.6458333328125
2 0.3072916671875 0.7199074078125001 0.2981770828125 0.7245370375 0.2877604171875 0.766203703125 0.2903645828125 0.8865740734375 0.3033854171875 0.8888888890625 0.3151041671875 0.7476851859375 0.3072916671875 0.7199074078125001
2 0.4127604171875 0.2986111109375 0.4010416671875 0.296296296875 0.39453125 0.321759259375 0.3919270828125 0.3634259265625 0.4049479171875 0.375 0.4114583328125 0.358796296875 0.4127604171875 0.2986111109375
2 0.05598958281250001 0.891203703125 0.0442708328125 0.8449074078125 0.0364583328125 0.8379629625 0.03125 0.8449074078125 0.0286458328125 0.875 0.013020832812499999 0.9050925921875 0.0208333328125 0.9375 0.0221354171875 0.9953703703125001 0.0494791671875 0.9976851859375 0.05598958281250001 0.891203703125
1 0.1783854171875 0.91898148125 0.1497395828125 0.909722221875 0.0859375 0.9236111109375 0.06119791718749999 0.9606481484374999 0.0546875 0.9861111109375 0.05338541718749999 0.9976851859375 0.1979166671875 0.9976851859375 0.19140625 0.9375 0.1783854171875 0.91898148125
5 0.540625 0.47421875 0.1125 0.28671875
5 0.68125 0.34609375 0.084375 0.20234375
5 0.66328125 0.65625 0.12734375 0.31328125
5 0.56796875 0.07578125 0.03515625 0.09609375