2 0.2643229171875 0.7523148140625 0.2669270828125 0.6643518515625 0.2513020828125 0.6226851859375 0.234375 0.6666666671875 0.23177083281250002 0.6828703703125 0.23958333281250002 0.7731481484375 0.24479166718749998 0.7800925921874999 0.2643229171875 0.7523148140625
2 0.1809895828125 0.777777778125 0.20703125 0.733796296875 0.20703125 0.6620370375 0.1953125 0.6180555562500001 0.1875 0.6180555562500001 0.171875 0.6643518515625 0.1744791671875 0.6990740734374999 0.1692708328125 0.7199074078125001 0.1731770828125 0.7708333328125 0.1809895828125 0.777777778125
1 0.4622395828125 0.34027777812500004 0.45703125 0.296296296875 0.4479166671875 0.2870370375 0.41796875 0.29398148125 0.4010416671875 0.3263888890625 0.3958333328125 0.358796296875 0.3997395828125 0.36805555624999997 0.4205729171875 0.3518518515625 0.4622395828125 0.34027777812500004
2 0.4622395828125 0.23148148124999998 0.4544270828125 0.23379629687499998 0.4505208328125 0.2638888890625 0.4622395828125 0.28472222187499996 0.46875 0.2523148140625 0.4622395828125 0.23148148124999998
2 0.09895833281250001 0.9351851859375 0.1028645828125 0.85648148125 0.1028645828125 0.8333333328125001 0.09375 0.8171296296874999 0.09114583281250001 0.7916666671875 0.07942708281250001 0.784722221875 0.07552083281250001 0.796296296875 0.078125 0.8055555562500001 0.0625 0.8495370375 0.07161458281250001 0.98148148125 0.09895833281250001 0.9351851859375
1 0.2513020828125 0.9976851859375 0.2669270828125 0.9976851859375 0.2682291671875 0.9513888890625 0.26171875 0.89351851875 0.23046875 0.8333333328125001 0.1588541671875 0.840277778125 0.1458333328125 0.8541666671874999 0.1184895828125 0.909722221875 0.1171875 0.9259259265625 0.24609375 0.921296296875 0.25390625 0.9375 0.2513020828125 0.9976851859375
1 0.4752604171875 0.44444444375 0.4765625 0.4074074078125 0.4700520828125 0.375 0.4505208328125 0.35648148125 0.4153645828125 0.3611111109375 0.3984375 0.4050925921875 0.3971354171875 0.49305555625 0.4088541671875 0.4791666671875 0.4453125 0.4768518515625 0.4752604171875 0.44444444375
1 0.4934895828125 0.13194444375 0.4752604171875 0.13194444375 0.4674479171875 0.1481481484375 0.4674479171875 0.1851851859375 0.5 0.18055555625 0.5013020828125 0.15277777812499999 0.4934895828125 0.13194444375
5 0.56484375 0.39921875 0.07578125 0.21328125
5 0.6671875 0.41875 0.09140625 0.20859375
5 0.65390625 0.76796875 0.14765625 0.365625
5 0.453125 0.7953125 0.203125 0.409375
1 0.7057291671875 0.5486111109375 0.6953125 0.5115740734374999 0.6861979171875 0.5 0.6380208328125 0.5069444437499999 0.6197916671875 0.5601851859375 0.6171875 0.5833333328125 0.625 0.590277778125 0.70703125 0.5879629625 0.7057291671875 0.5486111109375