1 0.296875 0.9004629625 0.3033854171875 0.8981481484374999 0.3111979171875 0.8773148140625 0.3046875 0.7916666671875 0.2955729171875 0.7708333328125 0.2708333328125 0.759259259375 0.20703125 0.76851851875 0.1875 0.8009259265625 0.15625 0.9074074078125 0.1549479171875 0.9583333328125001 0.1640625 0.9930555562500001 0.2721354171875 0.98148148125 0.296875 0.9004629625
2 0.4661458328125 0.24305555625 0.4622395828125 0.3009259265625 0.4713541671875 0.3125 0.4765625 0.266203703125 0.4661458328125 0.24305555625
1 0.5169270828125 0.23611111093749998 0.4934895828125 0.23611111093749998 0.4765625 0.2731481484375 0.4739583328125 0.3449074078125 0.5247395828125 0.3333333328125 0.52734375 0.2708333328125 0.5169270828125 0.23611111093749998
1 0.5260416671875 0.1550925921875 0.5169270828125 0.17361111093749998 0.5169270828125 0.22916666718749998 0.5533854171875 0.22453703749999998 0.5520833328125 0.1504629625 0.5260416671875 0.1550925921875
1 0.4934895828125 0.13194444375 0.4739583328125 0.134259259375 0.4661458328125 0.1620370375 0.4661458328125 0.1921296296875 0.4973958328125 0.1828703703125 0.5013020828125 0.16898148125 0.4934895828125 0.13194444375
2 0.1653645828125 0.840277778125 0.1653645828125 0.76851851875 0.16015625 0.766203703125 0.1588541671875 0.7361111109375 0.1484375 0.7083333328125 0.14453125 0.7106481484375 0.1393229171875 0.7731481484375 0.1315104171875 0.784722221875 0.1328125 0.884259259375 0.1393229171875 0.891203703125 0.1549479171875 0.8703703703125001 0.1653645828125 0.840277778125
2 0.1731770828125 0.7754629625 0.20182291718749998 0.7384259265625001 0.1979166671875 0.6550925921874999 0.1861979171875 0.6180555562500001 0.1796875 0.6134259265625001 0.1731770828125 0.64351851875 0.1614583328125 0.6643518515625 0.1627604171875 0.6759259265625001 0.15234375 0.6990740734374999 0.1640625 0.7175925921874999 0.1731770828125 0.7754629625
2 0.1393229171875 0.5648148140625 0.1393229171875 0.5254629625 0.12890625 0.5138888890625 0.1263020828125 0.5 0.1171875 0.5115740734374999 0.08984375 0.5115740734374999 0.0859375 0.5208333328125 0.08333333281250001 0.5555555562500001 0.08984375 0.5648148140625 0.1171875 0.5578703703125 0.1393229171875 0.5648148140625
2 0.3697916671875 0.4074074078125 0.3606770828125 0.375 0.34765625 0.40046296249999996 0.3489583328125 0.46296296249999996 0.35546875 0.4768518515625 0.3671875 0.4583333328125 0.3697916671875 0.4074074078125
2 0.4635416671875 0.42129629687500003 0.4596354171875 0.40046296249999996 0.4505208328125 0.391203703125 0.4375 0.40972222187499996 0.4388020828125 0.48379629687500003 0.4440104171875 0.48842592656250006 0.4583333328125 0.4583333328125 0.4635416671875 0.42129629687500003
2 0.4440104171875 0.36805555624999997 0.4270833328125 0.3263888890625 0.4205729171875 0.328703703125 0.4153645828125 0.34722222187499996 0.4088541671875 0.375 0.4192708328125 0.4166666671875 0.4309895828125 0.41898148125 0.4440104171875 0.36805555624999997
2 0.4231770828125 0.266203703125 0.4153645828125 0.2870370375 0.41796875 0.3333333328125 0.4348958328125 0.3379629625 0.4322916671875 0.2754629625 0.4231770828125 0.266203703125
5 0.6484375 0.79140625 0.13671875 0.41640625
1 0.6380208328125 0.509259259375 0.6223958328125 0.5555555562500001 0.6223958328125 0.590277778125 0.7122395828125 0.590277778125 0.6927083328125 0.509259259375 0.6380208328125 0.509259259375
5 0.5703125 0.5208333328125 0.5911458328125 0.5208333328125 0.6067708328125 0.41203703750000004 0.6002604171875 0.3888888890625 0.6002604171875 0.321759259375 0.5625 0.321759259375 0.5625 0.3125 0.5481770828125 0.3125 0.5247395828125 0.3425925921875 0.5247395828125 0.3981481484375 0.5572916671875 0.3958333328125 0.5690104171875 0.43055555625 0.5703125 0.5208333328125
5 0.5169270828125 0.9976851859375 0.5299479171875 0.9768518515625001 0.5299479171875 0.9120370375 0.54296875 0.8703703703125001 0.5416666671875 0.79398148125 0.5494791671875 0.76851851875 0.5481770828125 0.7523148140625 0.54296875 0.7523148140625 0.5442708328125 0.6736111109375 0.5364583328125 0.634259259375 0.3997395828125 0.634259259375 0.3385416671875 0.7824074078125001 0.3411458328125 0.8479938265625 0.328125 0.928240740625 0.3294270828125 0.9976851859375 0.5169270828125 0.9976851859375
5 0.6671875 0.415625 0.10390625 0.1984375