1 0.3880208328125 0.696759259375 0.4166666671875 0.6921296296875 0.4088541671875 0.625 0.38671875 0.608796296875 0.328125 0.6203703703125 0.30859375 0.659722221875 0.2942708328125 0.66898148125 0.29296875 0.6805555562500001 0.2877604171875 0.7754629625 0.2942708328125 0.7986111109375 0.3528645828125 0.796296296875 0.3880208328125 0.696759259375
2 0.4453125 0.2523148140625 0.4348958328125 0.22685185156249998 0.4296875 0.24305555625 0.4283854171875 0.2800925921875 0.4348958328125 0.30555555624999997 0.4440104171875 0.2916666671875 0.4453125 0.2523148140625
1 0.515625 0.2546296296875 0.50390625 0.23148148124999998 0.4791666671875 0.23148148124999998 0.4635416671875 0.2615740734375 0.4661458328125 0.3148148140625 0.5091145828125 0.3101851859375 0.5182291671875 0.2893518515625 0.515625 0.2546296296875
5 0.5494791671875 0.16898148125 0.5651041671875 0.10648148125000001 0.5651041671875 0.078703703125 0.5286458328125 0.08101851875 0.5234375 0.11805555625 0.5299479171875 0.16898148125 0.5325520828125 0.1759259265625 0.5494791671875 0.16898148125
2 0.1966145828125 0.777777778125 0.20572916718749998 0.7361111109375 0.20442708281250002 0.6990740734374999 0.1927083328125 0.6898148140625 0.1927083328125 0.6643518515625 0.1809895828125 0.6388888890625 0.1770833328125 0.6388888890625 0.1692708328125 0.6921296296875 0.1653645828125 0.7384259265625001 0.17578125 0.7523148140625 0.1796875 0.7476851859375 0.1966145828125 0.777777778125
1 0.5494791671875 0.8078703703125001 0.5442708328125 0.759259259375 0.5299479171875 0.733796296875 0.50390625 0.73148148125 0.5052083328125 0.9606481484374999 0.5286458328125 0.9421296296874999 0.5559895828125 0.8194444437499999 0.5494791671875 0.8078703703125001
5 0.678125 0.3640625 0.10078125 0.17578125
5 0.65703125 0.66015625 0.13515625 0.275
5 0.51640625 0.60703125 0.12109375 0.35390625
5 0.57421875 0.3703125 0.0734375 0.2140625
2 0.3020833328125 0.5509259265625001 0.3151041671875 0.527777778125 0.3190104171875 0.490740740625 0.3072916671875 0.43055555625 0.2981770828125 0.43055555625 0.2890625 0.4699074078125 0.2890625 0.5046296296875 0.296875 0.5509259265625001 0.3020833328125 0.5509259265625001
2 0.3723958328125 0.516203703125 0.36328125 0.49305555625 0.34765625 0.4953703703125 0.3411458328125 0.5254629625 0.3541666671875 0.5763888890625 0.3645833328125 0.5601851859375 0.3723958328125 0.516203703125
2 0.3828125 0.49768518593750005 0.3880208328125 0.4699074078125 0.3841145828125 0.46296296249999996 0.3880208328125 0.43055555625 0.3802083328125 0.40277777812500004 0.3763020828125 0.3958333328125 0.3723958328125 0.40277777812500004 0.3723958328125 0.4236111109375 0.3619791671875 0.446759259375 0.3763020828125 0.5046296296875 0.3828125 0.49768518593750005
2 0.4674479171875 0.21064814843750002 0.4622395828125 0.196759259375 0.45703125 0.20370370312500002 0.4544270828125 0.23379629687499998 0.4583333328125 0.2523148140625 0.4635416671875 0.2546296296875 0.4674479171875 0.21064814843750002
2 0.1380208328125 0.5694444437499999 0.1471354171875 0.5625 0.1458333328125 0.509259259375 0.1302083328125 0.5138888890625 0.125 0.509259259375 0.1276041671875 0.4953703703125 0.1119791671875 0.516203703125 0.09895833281250001 0.49305555625 0.0859375 0.5208333328125 0.08333333281250001 0.5578703703125 0.09114583281250001 0.5740740734374999 0.1067708328125 0.5578703703125 0.1380208328125 0.5694444437499999
2 0.22265625 0.45601851875 0.23567708281250002 0.4328703703125 0.23177083281250002 0.3981481484375 0.1809895828125 0.391203703125 0.1731770828125 0.40046296249999996 0.16796875 0.43518518593750005 0.1731770828125 0.4583333328125 0.1875 0.4513888890625 0.22265625 0.45601851875
2 0.09114583281250001 0.8611111109375 0.09244791718749999 0.83101851875 0.07552083281250001 0.7708333328125 0.06380208281250001 0.7708333328125 0.06510416718749999 0.7893518515625 0.05338541718749999 0.840277778125 0.05598958281250001 0.8726851859375 0.05208333281250001 0.902777778125 0.07161458281250001 0.902777778125 0.09114583281250001 0.8611111109375
2 0.11328125 0.7916666671875 0.1119791671875 0.8055555562500001 0.1171875 0.8125 0.1393229171875 0.8078703703125001 0.1458333328125 0.796296296875 0.1432291671875 0.7384259265625001 0.1315104171875 0.7106481484375 0.1223958328125 0.7106481484375 0.12109375 0.73148148125 0.10546875 0.766203703125 0.10546875 0.7824074078125001 0.11328125 0.7916666671875