2 0.34375 0.6550925921874999 0.3606770828125 0.615740740625 0.35546875 0.54398148125 0.3450520828125 0.5208333328125 0.3372395828125 0.5231481484375 0.3268229171875 0.5555555562500001 0.3268229171875 0.5740740734374999 0.3333333328125 0.6319444437499999 0.34375 0.6550925921874999
2 0.2669270828125 0.6296296296875 0.2643229171875 0.571759259375 0.2526041671875 0.5416666671875 0.24348958281250002 0.5486111109375 0.23567708281250002 0.5879629625 0.23567708281250002 0.652777778125 0.24609375 0.6805555562500001 0.2643229171875 0.6481481484375 0.2669270828125 0.6296296296875
2 0.3255208328125 0.5115740734374999 0.3372395828125 0.4953703703125 0.3411458328125 0.4606481484375 0.3333333328125 0.4074074078125 0.3307291671875 0.40046296249999996 0.32421875 0.4050925921875 0.3229166671875 0.43055555625 0.31640625 0.446759259375 0.31640625 0.48148148125 0.3255208328125 0.5115740734374999
2 0.3854166671875 0.3425925921875 0.375 0.3333333328125 0.3697916671875 0.3541666671875 0.3684895828125 0.40972222187499996 0.3763020828125 0.42592592656250006 0.3880208328125 0.40046296249999996 0.3854166671875 0.3425925921875
2 0.40625 0.3171296296875 0.4036458328125 0.2986111109375 0.3958333328125 0.3009259265625 0.3880208328125 0.3240740734375 0.3984375 0.36805555624999997 0.40625 0.3449074078125 0.40625 0.3171296296875
2 0.4622395828125 0.3009259265625 0.4557291671875 0.34027777812500004 0.4700520828125 0.384259259375 0.4739583328125 0.3240740734375 0.4622395828125 0.3009259265625
2 0.4791666671875 0.27777777812500004 0.48046875 0.23611111093749998 0.47265625 0.215277778125 0.46484375 0.222222221875 0.4609375 0.23611111093749998 0.46484375 0.2800925921875 0.4739583328125 0.2893518515625 0.4791666671875 0.27777777812500004
2 0.5091145828125 0.15972222187500001 0.5 0.1504629625 0.4947916671875 0.1666666671875 0.49609375 0.1990740734375 0.5065104171875 0.20601851875000002 0.5091145828125 0.15972222187500001
5 0.6609375 0.6640625 0.128125 0.2796875
5 0.5171875 0.59140625 0.13984375 0.35234375
5 0.67890625 0.36953125 0.1046875 0.20859375
1 0.7161458328125 0.5300925921874999 0.7161458328125 0.516203703125 0.69921875 0.48032407343749994 0.6940104171875 0.45370370312499997 0.6419270828125 0.45601851875 0.6354166671875 0.4953703703125 0.62109375 0.51851851875 0.6223958328125 0.5300925921874999 0.7161458328125 0.5300925921874999
1 0.5533854171875 0.8171296296874999 0.5481770828125 0.7824074078125001 0.53125 0.7361111109375 0.5052083328125 0.7291666671875 0.5065104171875 0.946759259375 0.5169270828125 0.9490740734375 0.5286458328125 0.9398148140625 0.5533854171875 0.8171296296874999