1 0.3958333328125 0.58101851875 0.3919270828125 0.51851851875 0.375 0.4768518515625 0.3294270828125 0.48379629687500003 0.2981770828125 0.54398148125 0.296875 0.6319444437499999 0.3020833328125 0.6365740734374999 0.3763020828125 0.6273148140625 0.3958333328125 0.58101851875
1 0.20833333281250002 0.98148148125 0.2265625 0.921296296875 0.2513020828125 0.9004629625 0.2591145828125 0.8773148140625 0.2630208328125 0.828703703125 0.2552083328125 0.7129629625 0.23958333281250002 0.6666666671875 0.16015625 0.6736111109375 0.10546875 0.7476851859375 0.07942708281250001 0.8333333328125001 0.07421875 0.8333333328125001 0.07682291718749999 0.9513888890625 0.08333333281250001 0.98148148125 0.11328125 0.9884259265625 0.20833333281250002 0.98148148125
5 0.65546875 0.78984375 0.13125 0.4125
1 0.70703125 0.5925925921874999 0.7083333328125 0.5856481484375 0.7005208328125 0.5300925921874999 0.6848958328125 0.5069444437499999 0.6393229171875 0.509259259375 0.62109375 0.553240740625 0.62109375 0.5925925921874999 0.6549479171875 0.5949074078125001 0.6692708328125 0.5856481484375 0.70703125 0.5925925921874999
1 0.4947916671875 0.134259259375 0.4765625 0.134259259375 0.46875 0.1458333328125 0.4713541671875 0.1875 0.5013020828125 0.18055555625 0.50390625 0.1504629625 0.4947916671875 0.134259259375
1 0.5755208328125 0.134259259375 0.5703125 0.125 0.5494791671875 0.1273148140625 0.5390625 0.1550925921875 0.5390625 0.1851851859375 0.5481770828125 0.1875 0.5546875 0.1574074078125 0.5755208328125 0.134259259375
2 0.42578125 0.43055555625 0.4153645828125 0.40277777812500004 0.40234375 0.4166666671875 0.4036458328125 0.49768518593750005 0.4127604171875 0.5046296296875 0.4231770828125 0.48842592656250006 0.42578125 0.43055555625
2 0.4114583328125 0.384259259375 0.41015625 0.34027777812500004 0.4036458328125 0.33101851875 0.3958333328125 0.3356481484375 0.3919270828125 0.3958333328125 0.39453125 0.4074074078125 0.4036458328125 0.4074074078125 0.4114583328125 0.384259259375
2 0.47265625 0.321759259375 0.4583333328125 0.30555555624999997 0.4544270828125 0.3379629625 0.4557291671875 0.3865740734375 0.4674479171875 0.391203703125 0.47265625 0.3773148140625 0.47265625 0.321759259375
2 0.4739583328125 0.296296296875 0.4778645828125 0.3518518515625 0.4869791671875 0.3356481484375 0.4856770828125 0.2870370375 0.4739583328125 0.296296296875
2 0.4973958328125 0.2731481484375 0.4934895828125 0.2546296296875 0.4817708328125 0.2546296296875 0.4778645828125 0.2708333328125 0.48046875 0.29398148125 0.4908854171875 0.30555555624999997 0.4973958328125 0.2731481484375
5 0.56484375 0.4140625 0.078125 0.2171875
5 0.434375 0.80859375 0.225 0.3828125
5 0.6671875 0.41015625 0.1 0.19609375