5 0.51015625 0.590625 0.1359375 0.34296875
5 0.65625 0.66328125 0.13125 0.28203125
5 0.67421875 0.371875 0.0953125 0.1875
1 0.3177083328125 0.7245370375 0.3802083328125 0.7129629625 0.3971354171875 0.6921296296875 0.4088541671875 0.6944444437499999 0.4231770828125 0.66898148125 0.421875 0.6574074078125001 0.4283854171875 0.652777778125 0.4231770828125 0.5578703703125 0.41015625 0.49768518593750005 0.34765625 0.5023148140625 0.3346354171875 0.51851851875 0.3138020828125 0.5671296296875 0.3033854171875 0.625 0.3059895828125 0.6944444437499999 0.3098958328125 0.715277778125 0.3177083328125 0.7245370375
1 0.4817708328125 0.3958333328125 0.4908854171875 0.3865740734375 0.4973958328125 0.3518518515625 0.4869791671875 0.30555555624999997 0.4700520828125 0.29398148125 0.4440104171875 0.3148148140625 0.4322916671875 0.34027777812500004 0.4348958328125 0.4050925921875 0.4544270828125 0.39351851875 0.4817708328125 0.3958333328125
1 0.5286458328125 0.259259259375 0.5169270828125 0.23379629687499998 0.4830729171875 0.24305555625 0.4765625 0.27777777812500004 0.4908854171875 0.3125 0.5247395828125 0.3101851859375 0.5286458328125 0.259259259375
1 0.4752604171875 0.1296296296875 0.4674479171875 0.14351851875 0.4661458328125 0.1851851859375 0.48828125 0.1828703703125 0.4973958328125 0.13194444375 0.4752604171875 0.1296296296875
2 0.5052083328125 0.15277777812499999 0.4973958328125 0.141203703125 0.4921875 0.1550925921875 0.4921875 0.1898148140625 0.4973958328125 0.196759259375 0.5052083328125 0.1851851859375 0.5052083328125 0.15277777812499999
1 0.5533854171875 0.1666666671875 0.546875 0.14351851875 0.5247395828125 0.1458333328125 0.515625 0.171296296875 0.5169270828125 0.20601851875000002 0.5481770828125 0.20601851875000002 0.5533854171875 0.1990740734375 0.5533854171875 0.1666666671875
2 0.3919270828125 0.3379629625 0.3815104171875 0.3541666671875 0.3815104171875 0.4166666671875 0.3919270828125 0.43518518593750005 0.4010416671875 0.36805555624999997 0.3919270828125 0.3379629625
2 0.2421875 0.6736111109375 0.22786458281250002 0.6319444437499999 0.22135416718749998 0.6365740734374999 0.20442708281250002 0.6898148140625 0.20052083281250002 0.784722221875 0.22005208281250002 0.79398148125 0.24479166718749998 0.7476851859375 0.2421875 0.6736111109375
2 0.1328125 0.5671296296875 0.1471354171875 0.5625 0.1484375 0.54398148125 0.1380208328125 0.516203703125 0.11328125 0.51851851875 0.09114583281250001 0.509259259375 0.0859375 0.5231481484375 0.08333333281250001 0.5555555562500001 0.09114583281250001 0.5671296296875 0.1015625 0.5578703703125 0.1328125 0.5671296296875
1 0.5286458328125 0.9398148140625 0.5520833328125 0.828703703125 0.5442708328125 0.766203703125 0.5299479171875 0.733796296875 0.51953125 0.7291666671875 0.50390625 0.7291666671875 0.5052083328125 0.9606481484374999 0.5208333328125 0.953703703125 0.5286458328125 0.9398148140625