5 0.4830729171875 0.4166666671875 0.5078125 0.3449074078125 0.5143229171875 0.2870370375 0.51171875 0.23611111093749998 0.5026041671875 0.222222221875 0.4466145828125 0.22916666718749998 0.4283854171875 0.259259259375 0.4309895828125 0.31944444375000003 0.42578125 0.3449074078125 0.4348958328125 0.42129629687500003 0.4830729171875 0.4166666671875
1 0.2630208328125 0.8680555562500001 0.3411458328125 0.8726851859375 0.3515625 0.8009259265625 0.37109375 0.7523148140625 0.3815104171875 0.703703703125 0.3671875 0.6875 0.3489583328125 0.6296296296875 0.3138020828125 0.625 0.28515625 0.6388888890625 0.2578125 0.678240740625 0.23828125 0.7268518515625 0.23046875 0.7268518515625 0.23697916718749998 0.7453703703125 0.22395833281250002 0.8055555562500001 0.22786458281250002 0.8425925921875 0.2630208328125 0.8680555562500001
2 0.25390625 0.6111111109375 0.24088541718749998 0.5578703703125 0.23046875 0.5648148140625 0.22135416718749998 0.6111111109375 0.22786458281250002 0.7129629625 0.24739583281250002 0.6851851859375 0.25390625 0.6111111109375
2 0.42578125 0.5879629625 0.4140625 0.5555555562500001 0.4075520828125 0.5555555562500001 0.3958333328125 0.5879629625 0.3984375 0.6759259265625001 0.4114583328125 0.696759259375 0.4231770828125 0.66898148125 0.42578125 0.5879629625
2 0.3802083328125 0.4606481484375 0.3802083328125 0.428240740625 0.3736979171875 0.38194444375000003 0.3684895828125 0.375 0.3645833328125 0.384259259375 0.359375 0.43981481406249995 0.36328125 0.47222222187499996 0.3684895828125 0.4791666671875 0.3802083328125 0.4606481484375
2 0.0338541671875 0.9976851859375 0.0403645828125 0.9976851859375 0.07291666718749999 0.9305555562500001 0.0703125 0.8981481484374999 0.05338541718749999 0.840277778125 0.046875 0.8356481484374999 0.0390625 0.8495370375 0.0403645828125 0.8703703703125001 0.0286458328125 0.8981481484374999 0.03515625 0.9305555562500001 0.0338541671875 0.9976851859375
2 0.4635416671875 0.18055555625 0.4596354171875 0.20370370312500002 0.4700520828125 0.22453703749999998 0.47265625 0.196759259375 0.4635416671875 0.18055555625
2 0.1380208328125 0.5694444437499999 0.1471354171875 0.5625 0.1458333328125 0.5069444437499999 0.1302083328125 0.5115740734374999 0.1263020828125 0.4953703703125 0.1067708328125 0.516203703125 0.09765625 0.49305555625 0.0859375 0.51851851875 0.08333333281250001 0.5578703703125 0.09114583281250001 0.571759259375 0.1028645828125 0.5578703703125 0.1380208328125 0.5694444437499999
1 0.2265625 0.9976851859375 0.2513020828125 0.9976851859375 0.2747395828125 0.928240740625 0.265625 0.875 0.24479166718749998 0.8541666671874999 0.20833333281250002 0.8495370375 0.1809895828125 0.858796296875 0.1692708328125 0.865740740625 0.15625 0.891203703125 0.15234375 0.9050925921875 0.21614583281250002 0.902777778125 0.22526041718749998 0.9444444437499999 0.2265625 0.9976851859375
1 0.5533854171875 0.8194444437499999 0.5442708328125 0.7731481484375 0.5299479171875 0.7361111109375 0.50390625 0.7291666671875 0.5052083328125 0.953703703125 0.5130208328125 0.9583333328125001 0.5286458328125 0.9398148140625 0.5533854171875 0.8194444437499999
5 0.653125 0.659375 0.1265625 0.26953125
1 0.7161458328125 0.527777778125 0.6940104171875 0.45370370312499997 0.6510416671875 0.4513888890625 0.640625 0.4583333328125 0.6315104171875 0.5046296296875 0.6184895828125 0.5208333328125 0.6223958328125 0.5300925921874999 0.7161458328125 0.527777778125
5 0.51875 0.60390625 0.13125 0.3609375
5 0.675 0.37265625 0.0953125 0.17578125
1 0.5533854171875 0.1921296296875 0.5442708328125 0.15277777812499999 0.5221354171875 0.15277777812499999 0.51171875 0.17361111093749998 0.5091145828125 0.1990740734375 0.515625 0.22453703749999998 0.5520833328125 0.21296296250000002 0.5533854171875 0.1921296296875