2 0.4114583328125 0.40972222187499996 0.4114583328125 0.358796296875 0.3997395828125 0.3263888890625 0.3932291671875 0.3379629625 0.3919270828125 0.4074074078125 0.3958333328125 0.42592592656250006 0.4036458328125 0.428240740625 0.4114583328125 0.40972222187499996
2 0.4453125 0.28472222187499996 0.4388020828125 0.266203703125 0.4322916671875 0.2824074078125 0.43359375 0.3449074078125 0.4440104171875 0.3495370375 0.4479166671875 0.3356481484375 0.4453125 0.28472222187499996
1 0.52734375 0.266203703125 0.5169270828125 0.24305555625 0.5052083328125 0.23379629687499998 0.4856770828125 0.2453703703125 0.4752604171875 0.2731481484375 0.4752604171875 0.3263888890625 0.5221354171875 0.31944444375000003 0.52734375 0.30555555624999997 0.52734375 0.266203703125
2 0.4856770828125 0.171296296875 0.4791666671875 0.178240740625 0.4791666671875 0.2199074078125 0.4895833328125 0.23148148124999998 0.4908854171875 0.18055555625 0.4856770828125 0.171296296875
2 0.1223958328125 0.5578703703125 0.1341145828125 0.5671296296875 0.1471354171875 0.5648148140625 0.1432291671875 0.51851851875 0.1002604171875 0.49305555625 0.08723958281250001 0.5046296296875 0.07942708281250001 0.5254629625 0.07942708281250001 0.5486111109375 0.08723958281250001 0.5671296296875 0.1223958328125 0.5578703703125
5 0.65234375 0.7921875 0.14375 0.40078125
1 0.6861979171875 0.5 0.640625 0.5069444437499999 0.6223958328125 0.5555555562500001 0.6236979171875 0.590277778125 0.70703125 0.590277778125 0.7005208328125 0.5300925921874999 0.6861979171875 0.5
5 0.43515625 0.8125 0.2234375 0.37421875
5 0.66875 0.4140625 0.1015625 0.19140625
5 0.5640625 0.41328125 0.07890625 0.2328125
1 0.5026041671875 0.18055555625 0.5026041671875 0.1481481484375 0.4947916671875 0.13194444375 0.4778645828125 0.13194444375 0.4674479171875 0.1481481484375 0.46875 0.1851851859375 0.48046875 0.16898148125 0.4921875 0.1851851859375 0.5026041671875 0.18055555625