1 0.4192708328125 0.58101851875 0.4361979171875 0.51851851875 0.4322916671875 0.4606481484375 0.41796875 0.4143518515625 0.37890625 0.4166666671875 0.3411458328125 0.48148148125 0.3411458328125 0.590277778125 0.3580729171875 0.5740740734374999 0.3971354171875 0.571759259375 0.4192708328125 0.58101851875
1 0.5338541671875 0.2800925921875 0.5208333328125 0.2523148140625 0.48828125 0.25694444375000003 0.4765625 0.28472222187499996 0.4778645828125 0.3425925921875 0.5260416671875 0.3379629625 0.53515625 0.30555555624999997 0.5338541671875 0.2800925921875
1 0.5026041671875 0.1550925921875 0.49609375 0.134259259375 0.4700520828125 0.141203703125 0.46875 0.1550925921875 0.4778645828125 0.1875 0.5026041671875 0.18055555625 0.5026041671875 0.1550925921875
5 0.65078125 0.79296875 0.14921875 0.4140625
1 0.6848958328125 0.5023148140625 0.640625 0.5069444437499999 0.62109375 0.5509259265625001 0.6223958328125 0.5925925921874999 0.70703125 0.5879629625 0.7005208328125 0.5300925921874999 0.6848958328125 0.5023148140625
2 0.4752604171875 0.4583333328125 0.4739583328125 0.41898148125 0.4661458328125 0.391203703125 0.4583333328125 0.391203703125 0.4505208328125 0.4328703703125 0.4544270828125 0.4421296296875 0.44921875 0.44907407343749994 0.4505208328125 0.46527777812500004 0.4752604171875 0.4583333328125
2 0.4231770828125 0.3078703703125 0.4127604171875 0.29398148125 0.4075520828125 0.3125 0.4075520828125 0.3541666671875 0.4153645828125 0.375 0.4231770828125 0.358796296875 0.4231770828125 0.3078703703125
2 0.4622395828125 0.2453703703125 0.4544270828125 0.23148148124999998 0.4479166671875 0.24305555625 0.4453125 0.2893518515625 0.4505208328125 0.303240740625 0.4609375 0.29398148125 0.4622395828125 0.2453703703125
2 0.546875 0.141203703125 0.5403645828125 0.125 0.5377604171875 0.1296296296875 0.5338541671875 0.1643518515625 0.5416666671875 0.18055555625 0.546875 0.16898148125 0.546875 0.141203703125
2 0.1432291671875 0.5694444437499999 0.1484375 0.5578703703125 0.1458333328125 0.5046296296875 0.1341145828125 0.5138888890625 0.1263020828125 0.5 0.1080729171875 0.516203703125 0.09895833281250001 0.49305555625 0.08333333281250001 0.5254629625 0.08203125 0.5555555562500001 0.09114583281250001 0.571759259375 0.1080729171875 0.5578703703125 0.1432291671875 0.5694444437499999
5 0.4421875 0.8125 0.21640625 0.37421875
5 0.66796875 0.41875 0.10234375 0.19765625
5 0.56640625 0.415625 0.08359375 0.22421875