2 0.1927083328125 0.7800925921874999 0.22005208281250002 0.7291666671875 0.21614583281250002 0.6736111109375 0.20182291718749998 0.6180555562500001 0.1927083328125 0.6180555562500001 0.1888020828125 0.6319444437499999 0.1796875 0.678240740625 0.1848958328125 0.7546296296875 0.1888020828125 0.7800925921874999 0.1927083328125 0.7800925921874999
2 0.07942708281250001 0.9861111109375 0.08854166718749999 0.95601851875 0.08984375 0.8703703703125001 0.06901041718749999 0.8148148140625 0.05859375 0.8194444437499999 0.0442708328125 0.8680555562500001 0.0442708328125 0.95601851875 0.05078125 0.9976851859375 0.06380208281250001 0.9976851859375 0.07942708281250001 0.9861111109375
2 0.4375 0.2384259265625 0.43359375 0.20601851875000002 0.4244791671875 0.1898148140625 0.4205729171875 0.19444444375 0.4192708328125 0.266203703125 0.4244791671875 0.2708333328125 0.4348958328125 0.2615740734375 0.4375 0.2384259265625
2 0.4895833328125 0.1273148140625 0.4869791671875 0.171296296875 0.4934895828125 0.178240740625 0.4973958328125 0.13888888906250002 0.4895833328125 0.1273148140625
2 0.5364583328125 0.1574074078125 0.5325520828125 0.15972222187500001 0.53125 0.20138888906250002 0.5377604171875 0.20601851875000002 0.5416666671875 0.171296296875 0.5364583328125 0.1574074078125
1 0.4921875 0.31944444375000003 0.4921875 0.29398148125 0.48046875 0.25694444375000003 0.4557291671875 0.25694444375000003 0.44140625 0.2708333328125 0.4361979171875 0.2893518515625 0.4388020828125 0.3449074078125 0.4856770828125 0.3425925921875 0.4921875 0.31944444375000003
2 0.1432291671875 0.5671296296875 0.1484375 0.553240740625 0.1458333328125 0.5254629625 0.1380208328125 0.5115740734374999 0.1223958328125 0.5069444437499999 0.109375 0.516203703125 0.09765625 0.49305555625 0.0859375 0.5208333328125 0.08333333281250001 0.5578703703125 0.09114583281250001 0.5694444437499999 0.1080729171875 0.5555555562500001 0.1432291671875 0.5671296296875
1 0.5598958328125 0.1643518515625 0.5638020828125 0.1226851859375 0.5598958328125 0.108796296875 0.5390625 0.10648148125000001 0.5338541671875 0.11342592656249999 0.5286458328125 0.125 0.5286458328125 0.1504629625 0.54296875 0.1666666671875 0.5598958328125 0.1643518515625
1 0.5533854171875 0.777777778125 0.5572916671875 0.6875 0.5442708328125 0.6041666671875 0.5377604171875 0.597222221875 0.5 0.5995370375 0.4986979171875 0.703703703125 0.5052083328125 0.766203703125 0.5208333328125 0.777777778125 0.5533854171875 0.777777778125
5 0.66015625 0.659375 0.125 0.2734375
1 0.7057291671875 0.527777778125 0.7044270828125 0.5046296296875 0.6875 0.45601851875 0.6419270828125 0.4583333328125 0.62890625 0.5138888890625 0.6223958328125 0.516203703125 0.62890625 0.5300925921874999 0.7057291671875 0.527777778125
5 0.6765625 0.36796875 0.10625 0.18828125
5 0.5359375 0.50078125 0.11640625 0.30703125