2 0.4114583328125 0.42129629687500003 0.4192708328125 0.40277777812500004 0.4205729171875 0.3726851859375 0.4140625 0.3263888890625 0.40625 0.3240740734375 0.3997395828125 0.3541666671875 0.3997395828125 0.391203703125 0.4036458328125 0.41898148125 0.4114583328125 0.42129629687500003
2 0.21614583281250002 0.8888888890625 0.22005208281250002 0.8703703703125001 0.22135416718749998 0.8009259265625 0.22005208281250002 0.7638888890625 0.20703125 0.7268518515625 0.20052083281250002 0.7199074078125001 0.1940104171875 0.733796296875 0.1796875 0.7870370375 0.1901041671875 0.891203703125 0.19921875 0.9120370375 0.21614583281250002 0.8888888890625
2 0.2630208328125 0.7731481484375 0.2721354171875 0.7361111109375 0.2669270828125 0.66898148125 0.2552083328125 0.625 0.24739583281250002 0.6296296296875 0.23697916718749998 0.6875 0.23567708281250002 0.7384259265625001 0.24739583281250002 0.7893518515625 0.2513020828125 0.7893518515625 0.2630208328125 0.7731481484375
2 0.3203125 0.7291666671875 0.3098958328125 0.641203703125 0.2981770828125 0.64351851875 0.2916666671875 0.678240740625 0.2903645828125 0.7453703703125 0.3020833328125 0.7824074078125001 0.3138020828125 0.7615740734374999 0.3203125 0.7291666671875
2 0.3606770828125 0.652777778125 0.3606770828125 0.5879629625 0.3489583328125 0.54398148125 0.3411458328125 0.5486111109375 0.3372395828125 0.5671296296875 0.3333333328125 0.634259259375 0.3411458328125 0.6388888890625 0.3528645828125 0.6736111109375 0.3606770828125 0.652777778125
2 0.3072916671875 0.6111111109375 0.3098958328125 0.5625 0.3020833328125 0.527777778125 0.2981770828125 0.5208333328125 0.2903645828125 0.527777778125 0.2799479171875 0.571759259375 0.2864583328125 0.625 0.2903645828125 0.6134259265625001 0.3072916671875 0.6111111109375
2 0.3463541671875 0.7916666671875 0.35546875 0.740740740625 0.3489583328125 0.6805555562500001 0.3411458328125 0.6574074078125001 0.3307291671875 0.6574074078125001 0.3255208328125 0.6875 0.3216145828125 0.75 0.328125 0.803240740625 0.3333333328125 0.8125 0.3463541671875 0.7916666671875
5 0.646875 0.790625 0.1546875 0.41875
1 0.7005208328125 0.534722221875 0.6848958328125 0.5 0.6432291671875 0.5046296296875 0.62890625 0.5254629625 0.62109375 0.5555555562500001 0.625 0.590277778125 0.7057291671875 0.5879629625 0.7005208328125 0.534722221875
2 0.08463541718749999 0.5763888890625 0.07942708281250001 0.5763888890625 0.0703125 0.6018518515625 0.07291666718749999 0.66898148125 0.09114583281250001 0.6550925921874999 0.1015625 0.6273148140625 0.08463541718749999 0.5763888890625
2 0.44140625 0.25694444375000003 0.4348958328125 0.23611111093749998 0.42578125 0.2523148140625 0.42578125 0.30555555624999997 0.4361979171875 0.3148148140625 0.44140625 0.3009259265625 0.44140625 0.25694444375000003
1 0.5091145828125 0.33101851875 0.5208333328125 0.2916666671875 0.5208333328125 0.2523148140625 0.51171875 0.196759259375 0.4700520828125 0.196759259375 0.45703125 0.22453703749999998 0.453125 0.3333333328125 0.4583333328125 0.3379629625 0.4700520828125 0.3263888890625 0.5091145828125 0.33101851875
2 0.5169270828125 0.178240740625 0.5143229171875 0.1851851859375 0.5208333328125 0.25 0.5247395828125 0.240740740625 0.5247395828125 0.1851851859375 0.5169270828125 0.178240740625
2 0.5455729171875 0.21064814843750002 0.54296875 0.18055555625 0.5338541671875 0.16898148125 0.5286458328125 0.1851851859375 0.5286458328125 0.2199074078125 0.5377604171875 0.23379629687499998 0.5455729171875 0.21064814843750002
1 0.4934895828125 0.13194444375 0.4765625 0.13194444375 0.4674479171875 0.1458333328125 0.4661458328125 0.1898148140625 0.5 0.1828703703125 0.5013020828125 0.15277777812499999 0.4934895828125 0.13194444375
2 0.5169270828125 0.134259259375 0.515625 0.1828703703125 0.5260416671875 0.1898148140625 0.52734375 0.1504629625 0.5169270828125 0.134259259375
1 0 0.9976851859375 0.08984375 0.9976851859375 0.1041666671875 0.972222221875 0.1328125 0.9513888890625 0.12890625 0.8958333328125001 0.1080729171875 0.8356481484374999 0.07942708281250001 0.8333333328125001 0.0403645828125 0.8449074078125 0.0299479171875 0.85648148125 0.0286458328125 0.875 0.009114582812499999 0.8726851859375 0 0.884259259375 0 0.9976851859375
5 0.4515625 0.79375 0.20703125 0.4125
5 0.66796875 0.4140625 0.10859375 0.20078125
5 0.559375 0.41953125 0.084375 0.21953125
1 0.5924479171875 0.055555556250000006 0.5716145828125 0.053240740625000005 0.5611979171875 0.06944444375 0.5611979171875 0.1041666671875 0.5716145828125 0.10648148125000001 0.5885416671875 0.08333333281250001 0.5924479171875 0.055555556250000006