5 0.5171875 0.59765625 0.11953125 0.35234375
5 0.653125 0.6578125 0.1359375 0.2828125
5 0.6734375 0.36640625 0.09140625 0.171875
1 0.5533854171875 0.8263888890625 0.5403645828125 0.7546296296875 0.5286458328125 0.733796296875 0.5052083328125 0.7291666671875 0.5052083328125 0.953703703125 0.51171875 0.9583333328125001 0.5286458328125 0.9398148140625 0.5533854171875 0.8263888890625
5 0.3268229171875 0.6365740734374999 0.3372395828125 0.66898148125 0.3450520828125 0.671296296875 0.3606770828125 0.6458333328125 0.3877604171875 0.6458333328125 0.4153645828125 0.6620370375 0.4192708328125 0.6388888890625 0.4322916671875 0.6180555562500001 0.4401041671875 0.5486111109375 0.44140625 0.5046296296875 0.4322916671875 0.40972222187499996 0.4231770828125 0.40046296249999996 0.359375 0.4074074078125 0.3411458328125 0.446759259375 0.33203125 0.45370370312499997 0.3333333328125 0.49305555625 0.3138020828125 0.5578703703125 0.3216145828125 0.571759259375 0.3268229171875 0.6365740734374999
1 0.4375 0.4328703703125 0.4661458328125 0.4328703703125 0.4791666671875 0.40972222187499996 0.4778645828125 0.365740740625 0.4661458328125 0.33101851875 0.44140625 0.33101851875 0.4231770828125 0.3425925921875 0.4114583328125 0.375 0.4192708328125 0.3958333328125 0.4322916671875 0.40277777812500004 0.4375 0.4328703703125
1 0.5286458328125 0.296296296875 0.5325520828125 0.2546296296875 0.5208333328125 0.20833333281250002 0.4934895828125 0.20833333281250002 0.4791666671875 0.240740740625 0.4778645828125 0.3009259265625 0.4817708328125 0.3101851859375 0.5 0.29398148125 0.5286458328125 0.296296296875
1 0.171875 0.902777778125 0.1809895828125 0.9861111109375 0.23046875 0.9791666671874999 0.23567708281250002 0.946759259375 0.2526041671875 0.909722221875 0.2747395828125 0.8958333328125001 0.2734375 0.8194444437499999 0.26171875 0.76851851875 0.25 0.7615740734374999 0.1796875 0.766203703125 0.1575520828125 0.7916666671875 0.1393229171875 0.840277778125 0.125 0.85648148125 0.125 0.902777778125 0.171875 0.902777778125
2 0.16015625 0.784722221875 0.1588541671875 0.7361111109375 0.1393229171875 0.6875 0.1341145828125 0.6898148140625 0.1236979171875 0.733796296875 0.12109375 0.7893518515625 0.12890625 0.8495370375 0.1380208328125 0.840277778125 0.16015625 0.784722221875
2 0.5065104171875 0.1481481484375 0.5 0.1504629625 0.49609375 0.171296296875 0.4947916671875 0.20370370312500002 0.5091145828125 0.20138888906250002 0.51171875 0.1875 0.5065104171875 0.1481481484375
2 0.546875 0.1666666671875 0.5442708328125 0.1550925921875 0.5364583328125 0.1574074078125 0.53515625 0.1990740734375 0.5403645828125 0.20833333281250002 0.546875 0.1990740734375 0.546875 0.1666666671875
2 0.4010416671875 0.266203703125 0.3893229171875 0.2731481484375 0.3880208328125 0.3379629625 0.3958333328125 0.34722222187499996 0.4088541671875 0.34027777812500004 0.4010416671875 0.266203703125
2 0.1380208328125 0.5694444437499999 0.1471354171875 0.5625 0.1458333328125 0.5069444437499999 0.1354166671875 0.5115740734374999 0.1263020828125 0.49768518593750005 0.1158854171875 0.516203703125 0.1080729171875 0.516203703125 0.09895833281250001 0.49305555625 0.08463541718749999 0.5254629625 0.08203125 0.5555555562500001 0.09114583281250001 0.571759259375 0.1080729171875 0.5578703703125 0.1380208328125 0.5694444437499999
2 0.07161458281250001 0.8611111109375 0.05989583281250001 0.840277778125 0.05859375 0.8171296296874999 0.05208333281250001 0.8125 0.0455729171875 0.821759259375 0.04296875 0.8541666671874999 0.03125 0.8888888890625 0.0299479171875 0.902777778125 0.0364583328125 0.909722221875 0.07421875 0.902777778125 0.07161458281250001 0.8611111109375