5 0.4427083328125 0.4166666671875 0.4609375 0.3958333328125 0.4895833328125 0.40972222187499996 0.5065104171875 0.3726851859375 0.5078125 0.3009259265625 0.5013020828125 0.21296296250000002 0.4518229171875 0.2199074078125 0.4388020828125 0.23148148124999998 0.4296875 0.2546296296875 0.4322916671875 0.28472222187499996 0.4231770828125 0.3101851859375 0.4388020828125 0.40972222187499996 0.4427083328125 0.4166666671875
1 0.3307291671875 0.766203703125 0.35546875 0.7083333328125 0.35546875 0.671296296875 0.3463541671875 0.6180555562500001 0.3307291671875 0.5995370375 0.27734375 0.608796296875 0.2421875 0.6759259265625001 0.24609375 0.6990740734374999 0.24088541718749998 0.7430555562500001 0.2578125 0.7708333328125 0.3307291671875 0.766203703125
1 0.7083333328125 0.5949074078125001 0.6940104171875 0.527777778125 0.6822916671875 0.51851851875 0.6484375 0.51851851875 0.6341145828125 0.527777778125 0.6171875 0.6018518515625 0.6184895828125 0.6504629625 0.7057291671875 0.652777778125 0.71875 0.6111111109375 0.7083333328125 0.5949074078125001
1 0.5611979171875 0.641203703125 0.5677083328125 0.6203703703125 0.55859375 0.6203703703125 0.5377604171875 0.571759259375 0.5390625 0.7245370375 0.5677083328125 0.7268518515625 0.5690104171875 0.6666666671875 0.5611979171875 0.641203703125
5 0.5208333328125 0.5324074078125001 0.5533854171875 0.58101851875 0.5559895828125 0.6018518515625 0.56640625 0.5370370375 0.56640625 0.4050925921875 0.5091145828125 0.40277777812500004 0.5 0.42129629687500003 0.5 0.46527777812500004 0.4934895828125 0.5 0.4973958328125 0.5324074078125001 0.5208333328125 0.5324074078125001
5 0.5716145828125 0.5300925921874999 0.5924479171875 0.51851851875 0.6080729171875 0.43518518593750005 0.6015625 0.38194444375000003 0.6015625 0.36805555624999997 0.6067708328125 0.3634259265625 0.6041666671875 0.328703703125 0.5846354171875 0.3125 0.5481770828125 0.3125 0.5325520828125 0.3263888890625 0.5247395828125 0.3449074078125 0.5247395828125 0.3981481484375 0.55859375 0.3958333328125 0.5690104171875 0.40277777812500004 0.5716145828125 0.5300925921874999
5 0.71484375 0.6643518515625 0.703125 0.6550925921874999 0.6536458328125 0.6504629625 0.5924479171875 0.659722221875 0.5859375 0.671296296875 0.5703125 0.766203703125 0.56640625 0.8101851859375 0.5755208328125 0.9976851859375 0.7161458328125 0.9930555562500001 0.71484375 0.6643518515625
5 0.6796875 0.49768518593750005 0.7044270828125 0.5486111109375 0.7122395828125 0.546296296875 0.7174479171875 0.516203703125 0.7291666671875 0.5069444437499999 0.7291666671875 0.4236111109375 0.72265625 0.391203703125 0.7161458328125 0.3865740734375 0.70703125 0.328703703125 0.640625 0.328703703125 0.6263020828125 0.35648148125 0.6184895828125 0.4675925921875 0.6197916671875 0.5486111109375 0.640625 0.5138888890625 0.6692708328125 0.5138888890625 0.6796875 0.49768518593750005
2 0.22395833281250002 0.5648148140625 0.20833333281250002 0.5324074078125001 0.1966145828125 0.5578703703125 0.19921875 0.6550925921874999 0.20572916718749998 0.659722221875 0.22005208281250002 0.641203703125 0.22395833281250002 0.5648148140625
2 0.3684895828125 0.48379629687500003 0.3684895828125 0.4236111109375 0.3528645828125 0.39351851875 0.3450520828125 0.4236111109375 0.3450520828125 0.47453703750000004 0.3528645828125 0.5046296296875 0.3684895828125 0.48379629687500003
1 0.5494791671875 0.20833333281250002 0.5403645828125 0.1759259265625 0.51953125 0.1759259265625 0.5091145828125 0.1921296296875 0.5052083328125 0.2175925921875 0.5104166671875 0.2384259265625 0.5481770828125 0.23379629687499998 0.5494791671875 0.20833333281250002
1 0.5013020828125 0.15277777812499999 0.4947916671875 0.134259259375 0.4765625 0.134259259375 0.46875 0.1481481484375 0.4661458328125 0.1921296296875 0.4908854171875 0.1875 0.4986979171875 0.171296296875 0.5013020828125 0.15277777812499999