5 0.49296875 0.68671875 0.1546875 0.409375
5 0.67578125 0.36953125 0.09375 0.1953125
5 0.65625 0.6671875 0.12578125 0.28515625
5 0.5765625 0.371875 0.07265625 0.2171875
5 0.45 0.35703125 0.08359375 0.2
1 0.2825520828125 0.7800925921874999 0.2942708328125 0.7800925921874999 0.3020833328125 0.79398148125 0.33984375 0.7893518515625 0.3450520828125 0.8009259265625 0.3515625 0.7986111109375 0.3567708328125 0.7546296296875 0.3723958328125 0.7361111109375 0.3776041671875 0.7083333328125 0.3697916671875 0.6273148140625 0.3606770828125 0.590277778125 0.3528645828125 0.5763888890625 0.3385416671875 0.5740740734374999 0.2981770828125 0.5833333328125 0.265625 0.652777778125 0.25390625 0.7268518515625 0.25390625 0.796296296875 0.26171875 0.8125 0.2786458328125 0.796296296875 0.2825520828125 0.7800925921874999
1 0.5338541671875 0.9606481484374999 0.5299479171875 0.875 0.5208333328125 0.847222221875 0.48046875 0.8379629625 0.484375 0.9930555562500001 0.5026041671875 0.9976851859375 0.5091145828125 0.9745370375 0.5338541671875 0.9606481484374999
1 0.7135416671875 0.527777778125 0.69921875 0.4606481484375 0.6875 0.4513888890625 0.6419270828125 0.45370370312499997 0.6341145828125 0.490740740625 0.6197916671875 0.51851851875 0.6236979171875 0.527777778125 0.7135416671875 0.527777778125
1 0.22135416718749998 0.7986111109375 0.23177083281250002 0.7870370375 0.23697916718749998 0.7615740734374999 0.24869791718749998 0.7430555562500001 0.2591145828125 0.671296296875 0.2513020828125 0.641203703125 0.23697916718749998 0.6226851859375 0.171875 0.6296296296875 0.1393229171875 0.6875 0.140625 0.70601851875 0.12890625 0.7291666671875 0.1276041671875 0.777777778125 0.1380208328125 0.8125 0.1536458328125 0.7986111109375 0.22135416718749998 0.7986111109375
1 0.3502604171875 0.5625 0.35546875 0.534722221875 0.35546875 0.46527777812500004 0.3619791671875 0.4328703703125 0.3307291671875 0.43518518593750005 0.3229166671875 0.446759259375 0.3059895828125 0.5115740734374999 0.3059895828125 0.5601851859375 0.3424479171875 0.5509259265625001 0.3450520828125 0.5625 0.3502604171875 0.5625
1 0.4934895828125 0.3171296296875 0.51953125 0.31944444375000003 0.5234375 0.2824074078125 0.51171875 0.22916666718749998 0.4830729171875 0.22916666718749998 0.47265625 0.240740740625 0.47265625 0.2546296296875 0.48046875 0.25694444375000003 0.4895833328125 0.2870370375 0.4934895828125 0.3171296296875
1 0.4934895828125 0.1851851859375 0.5013020828125 0.178240740625 0.5013020828125 0.1481481484375 0.49609375 0.13194444375 0.4739583328125 0.13194444375 0.4674479171875 0.1481481484375 0.4661458328125 0.18055555625 0.4739583328125 0.1828703703125 0.48046875 0.171296296875 0.4934895828125 0.1851851859375
1 0.5638020828125 0.10185185156250001 0.5546875 0.07638888906249999 0.5338541671875 0.078703703125 0.5286458328125 0.10185185156250001 0.5338541671875 0.1203703703125 0.5611979171875 0.11805555625 0.5638020828125 0.10185185156250001
5 0.3763020828125 0.64351851875 0.4153645828125 0.641203703125 0.4231770828125 0.5671296296875 0.4518229171875 0.48148148125 0.44921875 0.4050925921875 0.3776041671875 0.40972222187499996 0.3619791671875 0.4328703703125 0.34375 0.49305555625 0.3424479171875 0.5231481484375 0.3528645828125 0.527777778125 0.3541666671875 0.5625 0.3763020828125 0.64351851875
2 0.22005208281250002 0.5416666671875 0.21484375 0.546296296875 0.20703125 0.5833333328125 0.20703125 0.6180555562500001 0.23697916718749998 0.6180555562500001 0.23307291718749998 0.578703703125 0.22005208281250002 0.5416666671875
2 0.2747395828125 0.6111111109375 0.2708333328125 0.5740740734374999 0.2747395828125 0.5509259265625001 0.2630208328125 0.5231481484375 0.25390625 0.5254629625 0.2513020828125 0.615740740625 0.2591145828125 0.6458333328125 0.2643229171875 0.6458333328125 0.2747395828125 0.6111111109375
2 0.2747395828125 0.9421296296874999 0.2864583328125 0.9629629625 0.2981770828125 0.953703703125 0.3059895828125 0.9259259265625 0.3098958328125 0.8541666671874999 0.29296875 0.784722221875 0.2838541671875 0.7870370375 0.28125 0.8078703703125001 0.2721354171875 0.8240740734375 0.2669270828125 0.8726851859375 0.2708333328125 0.8726851859375 0.2747395828125 0.9004629625 0.2747395828125 0.9421296296874999
2 0.14453125 0.5671296296875 0.1471354171875 0.5601851859375 0.1471354171875 0.5393518515625 0.1380208328125 0.5138888890625 0.1067708328125 0.516203703125 0.09765625 0.49305555625 0.0859375 0.51851851875 0.08333333281250001 0.5578703703125 0.09114583281250001 0.5694444437499999 0.09765625 0.5625 0.14453125 0.5671296296875