1 0.375 0.6828703703125 0.4088541671875 0.625 0.4127604171875 0.5856481484375 0.4049479171875 0.5231481484375 0.3932291671875 0.4953703703125 0.3815104171875 0.4861111109375 0.33984375 0.5069444437499999 0.31640625 0.5555555562500001 0.3046875 0.615740740625 0.3033854171875 0.678240740625 0.3072916671875 0.6944444437499999 0.3294270828125 0.6828703703125 0.375 0.6828703703125
2 0.5052083328125 0.17361111093749998 0.4973958328125 0.1875 0.4973958328125 0.22685185156249998 0.50390625 0.2384259265625 0.5104166671875 0.1921296296875 0.5052083328125 0.17361111093749998
1 0.5651041671875 0.0949074078125 0.5403645828125 0.0949074078125 0.53125 0.108796296875 0.5247395828125 0.1296296296875 0.5299479171875 0.1759259265625 0.5690104171875 0.134259259375 0.5651041671875 0.0949074078125
2 0.4388020828125 0.2175925921875 0.4309895828125 0.2199074078125 0.4283854171875 0.2638888890625 0.4375 0.2708333328125 0.44140625 0.23148148124999998 0.4388020828125 0.2175925921875
1 0.4947916671875 0.134259259375 0.4778645828125 0.134259259375 0.46875 0.1458333328125 0.4700520828125 0.1875 0.4934895828125 0.1851851859375 0.5013020828125 0.16898148125 0.4947916671875 0.134259259375
5 0.6484375 0.7921875 0.14140625 0.40859375
1 0.6861979171875 0.5069444437499999 0.6419270828125 0.5069444437499999 0.62109375 0.5555555562500001 0.6223958328125 0.5925925921874999 0.7083333328125 0.5879629625 0.7005208328125 0.5300925921874999 0.6861979171875 0.5069444437499999
2 0.23958333281250002 0.928240740625 0.2630208328125 0.89351851875 0.2630208328125 0.7824074078125001 0.24739583281250002 0.7361111109375 0.23958333281250002 0.7384259265625001 0.22916666718749998 0.777777778125 0.22526041718749998 0.79398148125 0.22786458281250002 0.875 0.23567708281250002 0.928240740625 0.23958333281250002 0.928240740625
2 0.1875 0.8449074078125 0.1848958328125 0.85648148125 0.1901041671875 0.8425925921875 0.20442708281250002 0.8333333328125001 0.21223958281250002 0.796296296875 0.2109375 0.722222221875 0.20052083281250002 0.6828703703125 0.1953125 0.6759259265625001 0.1888020828125 0.6805555562500001 0.1888020828125 0.696759259375 0.1770833328125 0.7268518515625 0.1783854171875 0.7986111109375 0.1875 0.8449074078125
2 0.2916666671875 0.615740740625 0.3020833328125 0.6203703703125 0.3138020828125 0.5740740734374999 0.3151041671875 0.5370370375 0.3059895828125 0.5069444437499999 0.296875 0.5023148140625 0.28515625 0.5324074078125001 0.2903645828125 0.5555555562500001 0.2877604171875 0.5879629625 0.2916666671875 0.615740740625
2 0.1471354171875 0.5671296296875 0.1497395828125 0.5486111109375 0.1419270828125 0.4791666671875 0.10546875 0.509259259375 0.09895833281250001 0.49305555625 0.0859375 0.5208333328125 0.08333333281250001 0.5555555562500001 0.08984375 0.5694444437499999 0.1080729171875 0.5578703703125 0.1471354171875 0.5671296296875
2 0.48046875 0.2731481484375 0.4739583328125 0.24305555625 0.46875 0.24305555625 0.4622395828125 0.2986111109375 0.47265625 0.31944444375000003 0.4778645828125 0.3101851859375 0.48046875 0.2731481484375
2 0.5182291671875 0.20833333281250002 0.5130208328125 0.21064814843750002 0.5091145828125 0.2546296296875 0.5169270828125 0.266203703125 0.5221354171875 0.23148148124999998 0.5182291671875 0.20833333281250002
2 0.5442708328125 0.1620370375 0.54296875 0.1875 0.55078125 0.20601851875000002 0.5533854171875 0.15277777812499999 0.5442708328125 0.1620370375
5 0.56484375 0.42578125 0.078125 0.22421875
5 0.43671875 0.80703125 0.2265625 0.3859375
5 0.66796875 0.415625 0.1 0.1984375