2 0.35546875 0.5555555562500001 0.3528645828125 0.490740740625 0.3372395828125 0.48148148125 0.3307291671875 0.5115740734374999 0.3294270828125 0.5671296296875 0.3359375 0.590277778125 0.3411458328125 0.590277778125 0.35546875 0.5555555562500001
2 0.3763020828125 0.40277777812500004 0.36328125 0.3773148140625 0.3567708328125 0.4050925921875 0.3528645828125 0.4513888890625 0.3606770828125 0.48379629687500003 0.375 0.46527777812500004 0.3763020828125 0.40277777812500004
2 0.2799479171875 0.7453703703125 0.2864583328125 0.7476851859375 0.3098958328125 0.696759259375 0.3098958328125 0.6620370375 0.3059895828125 0.6226851859375 0.2942708328125 0.5925925921874999 0.2825520828125 0.5995370375 0.2747395828125 0.6319444437499999 0.2669270828125 0.6388888890625 0.2747395828125 0.722222221875 0.2799479171875 0.7453703703125
2 0.1875 0.8263888890625 0.1966145828125 0.7916666671875 0.1927083328125 0.777777778125 0.1953125 0.75 0.1783854171875 0.6805555562500001 0.1692708328125 0.6875 0.16015625 0.7430555562500001 0.1588541671875 0.7916666671875 0.1653645828125 0.840277778125 0.1705729171875 0.847222221875 0.1875 0.8263888890625
2 0.1380208328125 0.9375 0.1197916671875 0.891203703125 0.1119791671875 0.8981481484374999 0.08723958281250001 0.9745370375 0.1002604171875 0.9976851859375 0.14453125 0.9976851859375 0.1380208328125 0.9375
2 0.5364583328125 0.15972222187500001 0.5338541671875 0.1828703703125 0.54296875 0.1990740734375 0.5455729171875 0.1643518515625 0.5364583328125 0.15972222187500001
2 0.1341145828125 0.5671296296875 0.1471354171875 0.5625 0.1458333328125 0.509259259375 0.1341145828125 0.5138888890625 0.1276041671875 0.5069444437499999 0.1276041671875 0.4953703703125 0.1106770828125 0.516203703125 0.09765625 0.49305555625 0.0859375 0.51851851875 0.08333333281250001 0.5555555562500001 0.09114583281250001 0.5671296296875 0.1041666671875 0.5578703703125 0.1341145828125 0.5671296296875
5 0.653125 0.79296875 0.13828125 0.41015625
1 0.6940104171875 0.5138888890625 0.6875 0.5069444437499999 0.6380208328125 0.509259259375 0.6223958328125 0.5555555562500001 0.6223958328125 0.590277778125 0.7044270828125 0.5925925921874999 0.7135416671875 0.5856481484375 0.6940104171875 0.5138888890625
5 0.56171875 0.41875 0.0796875 0.21796875
5 0.4375 0.8125 0.22421875 0.37421875
5 0.66640625 0.41484375 0.0984375 0.19296875