1 0.4544270828125 0.47453703750000004 0.46484375 0.43981481406249995 0.4817708328125 0.42592592656250006 0.48828125 0.38194444375000003 0.4791666671875 0.3634259265625 0.4466145828125 0.365740740625 0.4309895828125 0.3796296296875 0.4244791671875 0.4050925921875 0.4205729171875 0.4768518515625 0.4361979171875 0.48148148125 0.44921875 0.46527777812500004 0.4544270828125 0.47453703750000004
1 0.5286458328125 0.2824074078125 0.53125 0.22916666718749998 0.52734375 0.196759259375 0.51953125 0.18055555625 0.4921875 0.1875 0.47265625 0.2199074078125 0.4700520828125 0.24305555625 0.4752604171875 0.3009259265625 0.5208333328125 0.296296296875 0.5286458328125 0.2824074078125
1 0.24739583281250002 0.7870370375 0.24088541718749998 0.8263888890625 0.24348958281250002 0.891203703125 0.2838541671875 0.8958333328125001 0.33984375 0.8819444437499999 0.3502604171875 0.8101851859375 0.3802083328125 0.703703703125 0.3619791671875 0.7083333328125 0.3450520828125 0.6875 0.3125 0.6828703703125 0.2825520828125 0.6921296296875 0.2708333328125 0.70601851875 0.25390625 0.7638888890625 0.23958333281250002 0.7708333328125 0.23958333281250002 0.7800925921874999 0.24739583281250002 0.7870370375
2 0.37890625 0.40972222187499996 0.3684895828125 0.384259259375 0.3580729171875 0.4074074078125 0.3567708328125 0.46527777812500004 0.3671875 0.48842592656250006 0.3776041671875 0.46296296249999996 0.37890625 0.40972222187499996
2 0.2578125 0.608796296875 0.24348958281250002 0.5300925921874999 0.23567708281250002 0.5324074078125001 0.22786458281250002 0.5671296296875 0.2265625 0.6365740734374999 0.23567708281250002 0.6736111109375 0.2552083328125 0.641203703125 0.2578125 0.608796296875
2 0.1888020828125 0.8240740734375 0.19140625 0.8518518515625001 0.1966145828125 0.858796296875 0.21223958281250002 0.83101851875 0.21614583281250002 0.7268518515625 0.20052083281250002 0.6851851859375 0.1927083328125 0.6898148140625 0.1888020828125 0.7245370375 0.1783854171875 0.740740740625 0.1875 0.7615740734374999 0.1888020828125 0.8240740734375
2 0.09895833281250001 0.847222221875 0.1158854171875 0.8263888890625 0.1184895828125 0.740740740625 0.1028645828125 0.7245370375 0.09635416718749999 0.6898148140625 0.08333333281250001 0.7083333328125 0.07942708281250001 0.7476851859375 0.08333333281250001 0.8055555562500001 0.08723958281250001 0.828703703125 0.09895833281250001 0.847222221875
2 0.1328125 0.5671296296875 0.1471354171875 0.5625 0.1458333328125 0.5254629625 0.140625 0.516203703125 0.125 0.5115740734374999 0.1106770828125 0.51851851875 0.09895833281250001 0.5 0.08723958281250001 0.51851851875 0.08333333281250001 0.546296296875 0.08723958281250001 0.5648148140625 0.1015625 0.5578703703125 0.1328125 0.5671296296875
1 0.5533854171875 0.8148148140625 0.5442708328125 0.766203703125 0.5299479171875 0.733796296875 0.50390625 0.7291666671875 0.5052083328125 0.946759259375 0.5130208328125 0.953703703125 0.5286458328125 0.9398148140625 0.5533854171875 0.8148148140625
5 0.6578125 0.66796875 0.1390625 0.275
1 0.7161458328125 0.527777778125 0.6940104171875 0.45370370312499997 0.6484375 0.4513888890625 0.640625 0.4583333328125 0.62890625 0.5115740734374999 0.6197916671875 0.51851851875 0.6223958328125 0.527777778125 0.7161458328125 0.527777778125
5 0.5140625 0.59921875 0.1328125 0.36875
5 0.67578125 0.36875 0.0984375 0.18046875