5 0.3489583328125 0.6388888890625 0.3684895828125 0.615740740625 0.4205729171875 0.6273148140625 0.4309895828125 0.590277778125 0.4401041671875 0.5879629625 0.4453125 0.5740740734374999 0.4518229171875 0.49305555625 0.4453125 0.3773148140625 0.4322916671875 0.36805555624999997 0.375 0.3796296296875 0.375 0.3958333328125 0.34375 0.42592592656250006 0.3255208328125 0.5 0.32421875 0.534722221875 0.3346354171875 0.5740740734374999 0.3346354171875 0.6018518515625 0.3489583328125 0.6388888890625
1 0.5026041671875 0.35648148125 0.5104166671875 0.3379629625 0.5091145828125 0.28472222187499996 0.5013020828125 0.259259259375 0.4947916671875 0.2546296296875 0.45703125 0.2638888890625 0.4466145828125 0.3009259265625 0.4440104171875 0.3425925921875 0.44921875 0.365740740625 0.4700520828125 0.3518518515625 0.5026041671875 0.35648148125
1 0.5286458328125 0.9375 0.5546875 0.8240740734375 0.5494791671875 0.8101851859375 0.55078125 0.7824074078125001 0.5416666671875 0.7523148140625 0.5455729171875 0.7199074078125001 0.5403645828125 0.7175925921874999 0.5299479171875 0.73148148125 0.5026041671875 0.7291666671875 0.5078125 0.95601851875 0.5286458328125 0.9375
5 0.653125 0.659375 0.125 0.26953125
1 0.7057291671875 0.5300925921874999 0.7096354171875 0.516203703125 0.69921875 0.4953703703125 0.69921875 0.46527777812500004 0.6940104171875 0.45370370312499997 0.6419270828125 0.45370370312499997 0.6315104171875 0.5046296296875 0.6184895828125 0.5208333328125 0.6223958328125 0.5300925921874999 0.7057291671875 0.5300925921874999
2 0.1979166671875 0.8796296296874999 0.21614583281250002 0.8379629625 0.21614583281250002 0.7800925921874999 0.22135416718749998 0.75 0.20833333281250002 0.703703703125 0.20182291718749998 0.6944444437499999 0.1940104171875 0.6990740734374999 0.1888020828125 0.740740740625 0.1770833328125 0.7569444437499999 0.1875 0.8449074078125 0.1979166671875 0.8796296296874999
2 0.2552083328125 0.6898148140625 0.2578125 0.6134259265625001 0.24609375 0.571759259375 0.23958333281250002 0.571759259375 0.234375 0.590277778125 0.2265625 0.652777778125 0.23177083281250002 0.7106481484375 0.23828125 0.7245370375 0.2552083328125 0.6898148140625
2 0.3020833328125 0.60648148125 0.3020833328125 0.5300925921874999 0.2903645828125 0.49768518593750005 0.28125 0.5046296296875 0.2734375 0.553240740625 0.27734375 0.6134259265625001 0.2864583328125 0.634259259375 0.3020833328125 0.60648148125
2 0.23177083281250002 0.5578703703125 0.22135416718749998 0.546296296875 0.21614583281250002 0.5231481484375 0.2109375 0.5254629625 0.203125 0.5578703703125 0.19921875 0.6134259265625001 0.20833333281250002 0.671296296875 0.22395833281250002 0.652777778125 0.23177083281250002 0.5578703703125
2 0.4817708328125 0.20370370312500002 0.4778645828125 0.19444444375 0.4713541671875 0.1990740734375 0.47265625 0.25 0.4791666671875 0.25 0.4830729171875 0.240740740625 0.4817708328125 0.20370370312500002
2 0.4869791671875 0.22453703749999998 0.4856770828125 0.2476851859375 0.5013020828125 0.2546296296875 0.4934895828125 0.20833333281250002 0.4869791671875 0.22453703749999998
2 0.1328125 0.5671296296875 0.1471354171875 0.5601851859375 0.1471354171875 0.5416666671875 0.1380208328125 0.516203703125 0.1041666671875 0.5208333328125 0.1028645828125 0.5115740734374999 0.09114583281250001 0.5115740734374999 0.08333333281250001 0.5393518515625 0.08203125 0.5555555562500001 0.09114583281250001 0.5694444437499999 0.109375 0.5578703703125 0.1328125 0.5671296296875
5 0.515625 0.59765625 0.13359375 0.3484375
5 0.675 0.3765625 0.1046875 0.175
5 0.575 0.3703125 0.08203125 0.196875