5 0.440625 0.8078125 0.228125 0.384375
5 0.65234375 0.7921875 0.1390625 0.415625
5 0.66875 0.4171875 0.103125 0.2109375
5 0.5640625 0.4140625 0.07890625 0.225
2 0.5052083328125 0.3703703703125 0.5130208328125 0.3518518515625 0.5091145828125 0.303240740625 0.4973958328125 0.296296296875 0.4869791671875 0.321759259375 0.4869791671875 0.34027777812500004 0.4921875 0.3425925921875 0.5 0.3703703703125 0.5052083328125 0.3703703703125
2 0.4674479171875 0.2523148140625 0.4661458328125 0.24305555625 0.45703125 0.240740740625 0.453125 0.2476851859375 0.4583333328125 0.29398148125 0.4674479171875 0.2800925921875 0.4674479171875 0.2523148140625
1 0.5338541671875 0.3148148140625 0.5364583328125 0.259259259375 0.52734375 0.2384259265625 0.4934895828125 0.240740740625 0.4856770828125 0.26851851875 0.4830729171875 0.29398148125 0.5052083328125 0.29398148125 0.5169270828125 0.31944444375000003 0.5338541671875 0.3148148140625
1 0.4231770828125 0.553240740625 0.4544270828125 0.47222222187499996 0.4557291671875 0.45370370312499997 0.4440104171875 0.43055555625 0.4127604171875 0.428240740625 0.390625 0.446759259375 0.3763020828125 0.4791666671875 0.3763020828125 0.5648148140625 0.3854166671875 0.5671296296875 0.40668402812500004 0.553240740625 0.4231770828125 0.553240740625
2 0.1471354171875 0.5671296296875 0.1458333328125 0.5069444437499999 0.1263020828125 0.5 0.1197916671875 0.5138888890625 0.1080729171875 0.516203703125 0.09895833281250001 0.4953703703125 0.08463541718749999 0.5231481484375 0.08333333281250001 0.5555555562500001 0.08984375 0.5694444437499999 0.109375 0.5578703703125 0.1471354171875 0.5671296296875
2 0.3125 0.5324074078125001 0.3020833328125 0.48379629687500003 0.2942708328125 0.48379629687500003 0.2877604171875 0.5046296296875 0.2890625 0.5879629625 0.296875 0.5925925921874999 0.3098958328125 0.5740740734374999 0.3125 0.5324074078125001
2 0.3515625 0.5370370375 0.3528645828125 0.47222222187499996 0.3502604171875 0.4583333328125 0.3372395828125 0.4421296296875 0.328125 0.47453703750000004 0.3255208328125 0.527777778125 0.3307291671875 0.5578703703125 0.33984375 0.5601851859375 0.3515625 0.5370370375
2 0.4036458328125 0.42592592656250006 0.40625 0.4074074078125 0.4049479171875 0.375 0.39453125 0.358796296875 0.3880208328125 0.3611111109375 0.3828125 0.3981481484375 0.3841145828125 0.44444444375 0.3880208328125 0.44907407343749994 0.4036458328125 0.42592592656250006
2 0.44921875 0.36805555624999997 0.4427083328125 0.3449074078125 0.4388020828125 0.34027777812500004 0.4270833328125 0.3611111109375 0.4309895828125 0.41898148125 0.4440104171875 0.41898148125 0.44921875 0.40277777812500004 0.44921875 0.36805555624999997
2 0.49609375 0.3634259265625 0.4817708328125 0.34027777812500004 0.4778645828125 0.3634259265625 0.4791666671875 0.4166666671875 0.48828125 0.42129629687500003 0.4973958328125 0.40046296249999996 0.49609375 0.3634259265625
2 0.4049479171875 0.31944444375000003 0.3958333328125 0.321759259375 0.39453125 0.3449074078125 0.4114583328125 0.3865740734375 0.41015625 0.33101851875 0.4049479171875 0.31944444375000003
2 0.4453125 0.2754629625 0.4361979171875 0.2800925921875 0.4361979171875 0.3171296296875 0.4466145828125 0.328703703125 0.44921875 0.28472222187499996 0.4453125 0.2754629625
2 0.4973958328125 0.1851851859375 0.48828125 0.20138888906250002 0.48828125 0.23379629687499998 0.49609375 0.23611111093749998 0.5013020828125 0.222222221875 0.4973958328125 0.1851851859375
1 0.4947916671875 0.134259259375 0.4765625 0.134259259375 0.46875 0.1481481484375 0.4661458328125 0.1875 0.4921875 0.1828703703125 0.5013020828125 0.1620370375 0.4947916671875 0.134259259375