1 0.359375 0.696759259375 0.3658854171875 0.66898148125 0.3802083328125 0.652777778125 0.37890625 0.5763888890625 0.3684895828125 0.5231481484375 0.3606770828125 0.5115740734374999 0.3255208328125 0.5138888890625 0.3059895828125 0.5208333328125 0.29296875 0.54398148125 0.2799479171875 0.5879629625 0.2708333328125 0.5925925921874999 0.2734375 0.70601851875 0.359375 0.696759259375
1 0.4518229171875 0.4675925921875 0.4622395828125 0.4583333328125 0.4609375 0.4375 0.4466145828125 0.41203703750000004 0.4114583328125 0.4143518515625 0.3971354171875 0.43055555625 0.3841145828125 0.4606481484375 0.3880208328125 0.5416666671875 0.4270833328125 0.5324074078125001 0.4518229171875 0.4675925921875
5 0.64921875 0.78671875 0.14453125 0.415625
1 0.7005208328125 0.534722221875 0.6848958328125 0.5 0.6380208328125 0.509259259375 0.6223958328125 0.5601851859375 0.62109375 0.5833333328125 0.6276041671875 0.590277778125 0.7057291671875 0.5879629625 0.7005208328125 0.534722221875
1 0.4739583328125 0.13194444375 0.4661458328125 0.1504629625 0.4661458328125 0.1898148140625 0.5 0.18055555625 0.4934895828125 0.13194444375 0.4739583328125 0.13194444375
2 0.4661458328125 0.4143518515625 0.4596354171875 0.34722222187499996 0.453125 0.3240740734375 0.4466145828125 0.321759259375 0.44140625 0.35648148125 0.4427083328125 0.4050925921875 0.4622395828125 0.43055555625 0.4661458328125 0.4143518515625
2 0.3307291671875 0.4328703703125 0.3203125 0.4074074078125 0.3138020828125 0.41203703750000004 0.3059895828125 0.4421296296875 0.30859375 0.516203703125 0.3333333328125 0.5046296296875 0.3307291671875 0.4328703703125
2 0.3684895828125 0.47222222187499996 0.36328125 0.43055555625 0.3515625 0.41898148125 0.34375 0.43981481406249995 0.33984375 0.46527777812500004 0.34375 0.5046296296875 0.3619791671875 0.5069444437499999 0.3684895828125 0.47222222187499996
2 0.3893229171875 0.43518518593750005 0.3932291671875 0.4143518515625 0.3893229171875 0.365740740625 0.3802083328125 0.3495370375 0.3723958328125 0.375 0.3723958328125 0.42129629687500003 0.375 0.4421296296875 0.3802083328125 0.44444444375 0.3893229171875 0.43518518593750005
2 0.1341145828125 0.5671296296875 0.1471354171875 0.5601851859375 0.1458333328125 0.5231481484375 0.1393229171875 0.5115740734374999 0.1263020828125 0.5046296296875 0.1106770828125 0.516203703125 0.1015625 0.49305555625 0.09505208281250001 0.490740740625 0.08463541718749999 0.51851851875 0.08203125 0.5555555562500001 0.09114583281250001 0.5671296296875 0.1015625 0.5555555562500001 0.1341145828125 0.5671296296875
2 0.12109375 0.9259259265625 0.12109375 0.83101851875 0.1067708328125 0.7824074078125001 0.09895833281250001 0.777777778125 0.09375 0.784722221875 0.07942708281250001 0.8449074078125 0.07942708281250001 0.91898148125 0.0859375 0.98148148125 0.09244791718749999 0.990740740625 0.12109375 0.9259259265625
5 0.4359375 0.80859375 0.23125 0.3828125
5 0.56015625 0.42109375 0.08515625 0.21796875