2 0.3958333328125 0.6134259265625001 0.4036458328125 0.5879629625 0.4036458328125 0.527777778125 0.3919270828125 0.4861111109375 0.3802083328125 0.49305555625 0.375 0.5115740734374999 0.3723958328125 0.5763888890625 0.3763020828125 0.60648148125 0.3854166671875 0.625 0.3958333328125 0.6134259265625001
2 0.2734375 0.7615740734374999 0.28125 0.733796296875 0.27734375 0.652777778125 0.2682291671875 0.6180555562500001 0.2591145828125 0.6203703703125 0.24739583281250002 0.6828703703125 0.24739583281250002 0.7361111109375 0.25390625 0.7754629625 0.2591145828125 0.7800925921874999 0.2734375 0.7615740734374999
2 0.23177083281250002 0.6180555562500001 0.22526041718749998 0.60648148125 0.22395833281250002 0.578703703125 0.21223958281250002 0.5833333328125 0.203125 0.6388888890625 0.20703125 0.7291666671875 0.21614583281250002 0.733796296875 0.2421875 0.6805555562500001 0.23177083281250002 0.6180555562500001
2 0.07552083281250001 0.9976851859375 0.07291666718749999 0.884259259375 0.05989583281250001 0.8425925921875 0.046875 0.8495370375 0.046875 0.8703703703125001 0.02734375 0.9236111109375 0.0325520828125 0.9976851859375 0.07552083281250001 0.9976851859375
2 0.18671875 0.77265625 0.06328125 0.15078125
2 0.37734375 0.3640625 0.028125 0.0828125
2 0.6234375 0.41015625 0.028125 0.1078125
5 0.66953125 0.596875 0.125 0.25390625
5 0.5515625 0.43515625 0.0921875 0.27265625
1 0.44140625 0.45601851875 0.4661458328125 0.4583333328125 0.4765625 0.4074074078125 0.4583333328125 0.3541666671875 0.4270833328125 0.35648148125 0.4127604171875 0.375 0.40234375 0.3958333328125 0.40625 0.41203703750000004 0.4036458328125 0.4699074078125 0.44140625 0.45601851875
1 0.484375 0.3865740734375 0.4921875 0.3634259265625 0.4908854171875 0.3078703703125 0.4778645828125 0.26851851875 0.4466145828125 0.2731481484375 0.4309895828125 0.3240740734375 0.4309895828125 0.3449074078125 0.4596354171875 0.3518518515625 0.4765625 0.3888888890625 0.484375 0.3865740734375
1 0.5052083328125 0.296296296875 0.51171875 0.2824074078125 0.5130208328125 0.259259259375 0.5013020828125 0.20601851875000002 0.4921875 0.20138888906250002 0.4674479171875 0.215277778125 0.4609375 0.259259259375 0.4830729171875 0.2708333328125 0.4934895828125 0.2986111109375 0.5052083328125 0.296296296875
1 0.5364583328125 0.1574074078125 0.515625 0.1574074078125 0.5052083328125 0.16898148125 0.5013020828125 0.1875 0.5104166671875 0.23148148124999998 0.54296875 0.22916666718749998 0.5442708328125 0.18055555625 0.5364583328125 0.1574074078125
5 0.68046875 0.3359375 0.09375 0.17890625
2 0.140625 0.5671296296875 0.1471354171875 0.5578703703125 0.1484375 0.5416666671875 0.13671875 0.5138888890625 0.1158854171875 0.516203703125 0.09765625 0.5 0.08463541718749999 0.5231481484375 0.08203125 0.54398148125 0.08854166718749999 0.5648148140625 0.109375 0.5555555562500001 0.140625 0.5671296296875