1 0.4166666671875 0.6296296296875 0.4231770828125 0.5740740734374999 0.40234375 0.51851851875 0.34765625 0.5254629625 0.3294270828125 0.5671296296875 0.31640625 0.641203703125 0.3177083328125 0.7245370375 0.3606770828125 0.7175925921874999 0.3958333328125 0.64351851875 0.4166666671875 0.6296296296875
1 0.5026041671875 0.15277777812499999 0.4934895828125 0.13194444375 0.4713541671875 0.1365740734375 0.4661458328125 0.1574074078125 0.4661458328125 0.1921296296875 0.5 0.1851851859375 0.5026041671875 0.178240740625 0.5026041671875 0.15277777812499999
2 0.51953125 0.1481481484375 0.515625 0.1296296296875 0.5091145828125 0.134259259375 0.5065104171875 0.15972222187500001 0.5143229171875 0.1851851859375 0.5208333328125 0.1643518515625 0.51953125 0.1481481484375
1 0.57421875 0.097222221875 0.5690104171875 0.078703703125 0.5533854171875 0.0740740734375 0.54296875 0.08333333281250001 0.5416666671875 0.13194444375 0.5598958328125 0.1365740734375 0.5729166671875 0.1296296296875 0.57421875 0.097222221875
2 0.1223958328125 0.9050925921875 0.1028645828125 0.9004629625 0.09505208281250001 0.9490740734375 0.08854166718749999 0.9583333328125001 0.08854166718749999 0.9861111109375 0.09895833281250001 0.9953703703125001 0.1276041671875 0.9375 0.1223958328125 0.9050925921875
2 0.1263020828125 0.9375 0.1653645828125 0.928240740625 0.1614583328125 0.858796296875 0.1484375 0.8333333328125001 0.14453125 0.8101851859375 0.1315104171875 0.821759259375 0.1276041671875 0.858796296875 0.1145833328125 0.8703703703125001 0.1276041671875 0.9236111109375 0.1263020828125 0.9375
2 0.32421875 0.58101851875 0.31640625 0.5254629625 0.3125 0.516203703125 0.30859375 0.5208333328125 0.30078125 0.5601851859375 0.3020833328125 0.6458333328125 0.3138020828125 0.6388888890625 0.32421875 0.58101851875
2 0.2513020828125 0.6458333328125 0.25390625 0.6018518515625 0.23697916718749998 0.54398148125 0.22395833281250002 0.5763888890625 0.22265625 0.6203703703125 0.22786458281250002 0.66898148125 0.23307291718749998 0.6736111109375 0.2513020828125 0.6458333328125
2 0.2825520828125 0.546296296875 0.2864583328125 0.4699074078125 0.2734375 0.446759259375 0.265625 0.45601851875 0.2591145828125 0.48379629687500003 0.2591145828125 0.546296296875 0.2669270828125 0.5694444437499999 0.2825520828125 0.546296296875
2 0.4114583328125 0.43055555625 0.4127604171875 0.35648148125 0.3958333328125 0.3541666671875 0.3880208328125 0.3773148140625 0.3893229171875 0.44444444375 0.4010416671875 0.44907407343749994 0.4114583328125 0.43055555625
2 0.4388020828125 0.3379629625 0.4309895828125 0.2916666671875 0.4231770828125 0.2916666671875 0.4192708328125 0.3125 0.421875 0.3634259265625 0.4296875 0.36805555624999997 0.4388020828125 0.3379629625
2 0.4791666671875 0.34027777812500004 0.4778645828125 0.2870370375 0.4661458328125 0.2708333328125 0.4596354171875 0.29398148125 0.4622395828125 0.34027777812500004 0.4739583328125 0.3541666671875 0.4791666671875 0.34027777812500004
2 0.5208333328125 0.178240740625 0.5169270828125 0.2175925921875 0.52734375 0.22685185156249998 0.5286458328125 0.1828703703125 0.5208333328125 0.178240740625
2 0.1458333328125 0.5671296296875 0.1484375 0.5578703703125 0.1458333328125 0.5046296296875 0.09895833281250001 0.49305555625 0.08333333281250001 0.5254629625 0.08203125 0.5509259265625001 0.08984375 0.5694444437499999 0.109375 0.5578703703125 0.1458333328125 0.5671296296875
5 0.65390625 0.79140625 0.14296875 0.4125
1 0.7044270828125 0.5925925921874999 0.7083333328125 0.5856481484375 0.7005208328125 0.5324074078125001 0.6927083328125 0.509259259375 0.6861979171875 0.5069444437499999 0.6419270828125 0.5069444437499999 0.6223958328125 0.5555555562500001 0.62109375 0.590277778125 0.6276041671875 0.5925925921874999 0.6705729171875 0.5856481484375 0.7044270828125 0.5925925921874999
5 0.5625 0.41796875 0.084375 0.21640625
5 0.4375 0.80703125 0.21875 0.3859375
5 0.66640625 0.4203125 0.1046875 0.19921875