5 0.51171875 0.6 0.13984375 0.3609375
5 0.65625 0.65625 0.140625 0.27578125
5 0.67421875 0.3703125 0.1046875 0.178125
5 0.496875 0.27421875 0.06796875 0.1703125
1 0.3723958328125 0.5486111109375 0.3802083328125 0.5555555562500001 0.3880208328125 0.54398148125 0.4440104171875 0.5416666671875 0.4544270828125 0.45601851875 0.4427083328125 0.3958333328125 0.4283854171875 0.39351851875 0.3919270828125 0.41203703750000004 0.37890625 0.44907407343749994 0.3684895828125 0.45601851875 0.3736979171875 0.4675925921875 0.3723958328125 0.5486111109375
2 0.24609375 0.7523148140625 0.2526041671875 0.722222221875 0.24739583281250002 0.652777778125 0.23567708281250002 0.6180555562500001 0.22526041718749998 0.6180555562500001 0.21223958281250002 0.6828703703125 0.22005208281250002 0.7615740734374999 0.23177083281250002 0.7708333328125 0.24609375 0.7523148140625
1 0.2669270828125 0.9398148140625 0.2421875 0.7916666671875 0.22005208281250002 0.7708333328125 0.1940104171875 0.7708333328125 0.15625 0.777777778125 0.1197916671875 0.8240740734375 0.1106770828125 0.8541666671874999 0.1015625 0.85648148125 0.09505208281250001 0.8865740734375 0.06640625 0.946759259375 0.06119791718749999 0.9976851859375 0.24869791718749998 0.9976851859375 0.26171875 0.9699074078125 0.2669270828125 0.9398148140625
2 0.1328125 0.5671296296875 0.1471354171875 0.5601851859375 0.1484375 0.54398148125 0.1393229171875 0.516203703125 0.1067708328125 0.516203703125 0.09895833281250001 0.49768518593750005 0.08723958281250001 0.51851851875 0.08333333281250001 0.5555555562500001 0.09114583281250001 0.5671296296875 0.1002604171875 0.5578703703125 0.1328125 0.5671296296875
2 0.4036458328125 0.33101851875 0.4010416671875 0.2986111109375 0.3880208328125 0.2824074078125 0.3802083328125 0.29398148125 0.3828125 0.3425925921875 0.38671875 0.35648148125 0.3958333328125 0.35648148125 0.4036458328125 0.33101851875
2 0.43359375 0.2986111109375 0.4322916671875 0.2615740734375 0.41796875 0.24305555625 0.4166666671875 0.2986111109375 0.421875 0.3148148140625 0.4270833328125 0.3148148140625 0.43359375 0.2986111109375
1 0.5546875 0.8194444437499999 0.5442708328125 0.766203703125 0.53125 0.733796296875 0.50390625 0.7291666671875 0.50390625 0.946759259375 0.5130208328125 0.9583333328125001 0.52734375 0.9421296296874999 0.5546875 0.8194444437499999
1 0.7005208328125 0.4791666671875 0.7005208328125 0.4606481484375 0.6875 0.4513888890625 0.6432291671875 0.45370370312499997 0.6197916671875 0.516203703125 0.6223958328125 0.5300925921874999 0.6315104171875 0.5324074078125001 0.7161458328125 0.527777778125 0.7005208328125 0.4791666671875