1 0.3658854171875 0.546296296875 0.3958333328125 0.54398148125 0.4114583328125 0.553240740625 0.43359375 0.5023148140625 0.4348958328125 0.43055555625 0.42578125 0.36805555624999997 0.4166666671875 0.3495370375 0.3684895828125 0.35648148125 0.3359375 0.42129629687500003 0.3294270828125 0.4675925921875 0.3333333328125 0.54398148125 0.3411458328125 0.5648148140625 0.3658854171875 0.546296296875
1 0.2903645828125 0.9976851859375 0.3255208328125 0.909722221875 0.3111979171875 0.8171296296874999 0.2825520828125 0.796296296875 0.21484375 0.8055555562500001 0.1979166671875 0.8333333328125001 0.1861979171875 0.8726851859375 0.16796875 0.891203703125 0.1731770828125 0.9236111109375 0.1640625 0.9490740734375 0.1627604171875 0.9976851859375 0.2903645828125 0.9976851859375
2 0.215625 0.66875 0.040625 0.1703125
2 0.2721354171875 0.75 0.2721354171875 0.6944444437499999 0.2552083328125 0.634259259375 0.24609375 0.6365740734374999 0.24609375 0.6550925921874999 0.23307291718749998 0.7013888890625 0.23697916718749998 0.7893518515625 0.24479166718749998 0.79398148125 0.2591145828125 0.7824074078125001 0.2721354171875 0.75
2 0.2591145828125 0.571759259375 0.2643229171875 0.5555555562500001 0.26171875 0.5046296296875 0.265625 0.49305555625 0.2552083328125 0.45601851875 0.24739583281250002 0.46296296249999996 0.23958333281250002 0.5046296296875 0.24348958281250002 0.5254629625 0.23697916718749998 0.5671296296875 0.24739583281250002 0.578703703125 0.2591145828125 0.571759259375
2 0.4361979171875 0.3425925921875 0.4361979171875 0.296296296875 0.4296875 0.27777777812500004 0.4205729171875 0.29398148125 0.421875 0.3449074078125 0.4244791671875 0.358796296875 0.4309895828125 0.3611111109375 0.4361979171875 0.3425925921875
2 0.4791666671875 0.2708333328125 0.46875 0.25 0.4596354171875 0.266203703125 0.4609375 0.321759259375 0.4700520828125 0.3333333328125 0.4778645828125 0.3171296296875 0.4791666671875 0.2708333328125
2 0.5130208328125 0.3009259265625 0.5065104171875 0.25 0.4973958328125 0.2523148140625 0.4934895828125 0.2754629625 0.4934895828125 0.3125 0.5013020828125 0.3379629625 0.5104166671875 0.3240740734375 0.5130208328125 0.3009259265625
2 0.4895833328125 0.196759259375 0.4830729171875 0.178240740625 0.4765625 0.1898148140625 0.4765625 0.23148148124999998 0.4856770828125 0.240740740625 0.4908854171875 0.22453703749999998 0.4895833328125 0.196759259375
2 0.51953125 0.2199074078125 0.5143229171875 0.20138888906250002 0.5065104171875 0.20370370312500002 0.5013020828125 0.23148148124999998 0.5104166671875 0.2476851859375 0.5169270828125 0.24305555625 0.51953125 0.2199074078125
2 0.5325520828125 0.171296296875 0.52734375 0.1620370375 0.5208333328125 0.171296296875 0.5208333328125 0.20138888906250002 0.5286458328125 0.2175925921875 0.5325520828125 0.21064814843750002 0.5325520828125 0.171296296875
5 0.66875 0.80546875 0.1578125 0.3890625
5 0.4609375 0.77421875 0.19375 0.44453125
5 0.5640625 0.396875 0.08515625 0.25234375
5 0.6859375 0.26328125 0.07890625 0.13515625
5 0.67109375 0.49453125 0.12265625 0.2390625
5 0.53203125 0.47890625 0.109375 0.16171875
5 0.59453125 0.28359375 0.08359375 0.19609375