2 0.30859375 0.5393518515625 0.2981770828125 0.5208333328125 0.2981770828125 0.509259259375 0.2864583328125 0.5254629625 0.2825520828125 0.5763888890625 0.2942708328125 0.6319444437499999 0.3098958328125 0.6041666671875 0.30859375 0.5393518515625
2 0.3502604171875 0.615740740625 0.3684895828125 0.5740740734374999 0.3645833328125 0.5555555562500001 0.3684895828125 0.5208333328125 0.3528645828125 0.4861111109375 0.34765625 0.48842592656250006 0.34765625 0.5 0.3372395828125 0.51851851875 0.3372395828125 0.5393518515625 0.3502604171875 0.615740740625
2 0.22526041718749998 0.784722221875 0.22005208281250002 0.7175925921874999 0.20703125 0.6666666671875 0.1966145828125 0.6736111109375 0.1861979171875 0.7268518515625 0.1888020828125 0.8101851859375 0.1927083328125 0.8333333328125001 0.19921875 0.8356481484374999 0.22526041718749998 0.784722221875
2 0.3450520828125 0.40277777812500004 0.3333333328125 0.38194444375000003 0.3229166671875 0.4166666671875 0.32421875 0.4699074078125 0.33203125 0.48842592656250006 0.3450520828125 0.46527777812500004 0.3450520828125 0.40277777812500004
2 0.4114583328125 0.3449074078125 0.4036458328125 0.34722222187499996 0.3997395828125 0.38194444375000003 0.3997395828125 0.4328703703125 0.4075520828125 0.44907407343749994 0.41796875 0.42592592656250006 0.4114583328125 0.3449074078125
2 0.5052083328125 0.1875 0.5013020828125 0.13888888906250002 0.4986979171875 0.13194444375 0.4921875 0.1365740734375 0.4895833328125 0.171296296875 0.4934895828125 0.1921296296875 0.5013020828125 0.1921296296875 0.5052083328125 0.1875
1 0.5442708328125 0.766203703125 0.53125 0.7361111109375 0.50390625 0.7291666671875 0.5052083328125 0.946759259375 0.5247395828125 0.9490740734375 0.5533854171875 0.821759259375 0.5442708328125 0.766203703125
5 0.6609375 0.66484375 0.1203125 0.2984375
1 0.7161458328125 0.527777778125 0.6927083328125 0.45370370312499997 0.6419270828125 0.45601851875 0.62890625 0.5138888890625 0.6223958328125 0.516203703125 0.6236979171875 0.527777778125 0.7161458328125 0.527777778125
5 0.57578125 0.3359375 0.08125 0.1828125
5 0.51328125 0.5953125 0.13359375 0.33984375
5 0.1549479171875 0.6203703703125 0.1588541671875 0.5763888890625 0.1510416671875 0.5578703703125 0.1458333328125 0.516203703125 0.13671875 0.5115740734374999 0.1276041671875 0.534722221875 0.1263020828125 0.6041666671875 0.1341145828125 0.6296296296875 0.1458333328125 0.6319444437499999 0.1549479171875 0.6203703703125
5 0.1783854171875 0.5393518515625 0.17578125 0.48842592656250006 0.1692708328125 0.4606481484375 0.1627604171875 0.4606481484375 0.15625 0.4768518515625 0.1497395828125 0.5023148140625 0.15625 0.5648148140625 0.171875 0.5671296296875 0.1783854171875 0.5393518515625
5 0.5442708328125 0.097222221875 0.5364583328125 0.0925925921875 0.53515625 0.1273148140625 0.5403645828125 0.141203703125 0.5481770828125 0.1296296296875 0.5442708328125 0.097222221875