2 0.44140625 0.5 0.4309895828125 0.4606481484375 0.42578125 0.46296296249999996 0.4192708328125 0.49768518593750005 0.4166666671875 0.5601851859375 0.4270833328125 0.5925925921874999 0.4427083328125 0.5555555562500001 0.44140625 0.5
1 0.2565104171875 0.98148148125 0.2734375 0.909722221875 0.3294270828125 0.89351851875 0.34375 0.8680555562500001 0.34375 0.8449074078125 0.35546875 0.8333333328125001 0.3528645828125 0.7245370375 0.3411458328125 0.6273148140625 0.31640625 0.6180555562500001 0.24348958281250002 0.6319444437499999 0.20182291718749998 0.722222221875 0.1927083328125 0.7523148140625 0.1875 0.7986111109375 0.18359375 0.9583333328125001 0.1888020828125 0.9930555562500001 0.24869791718749998 0.990740740625 0.2565104171875 0.98148148125
2 0.2955729171875 0.5231481484375 0.2864583328125 0.5254629625 0.2786458328125 0.5648148140625 0.28125 0.615740740625 0.3059895828125 0.615740740625 0.3072916671875 0.5486111109375 0.2955729171875 0.5231481484375
2 0.3411458328125 0.6226851859375 0.3450520828125 0.64351851875 0.3502604171875 0.6180555562500001 0.3502604171875 0.5555555562500001 0.33984375 0.5208333328125 0.33203125 0.5254629625 0.3190104171875 0.5648148140625 0.3216145828125 0.60648148125 0.32421875 0.615740740625 0.3411458328125 0.6226851859375
2 0.17578125 0.865740740625 0.1848958328125 0.847222221875 0.1966145828125 0.73148148125 0.1966145828125 0.7083333328125 0.1888020828125 0.6898148140625 0.1809895828125 0.6921296296875 0.1640625 0.7546296296875 0.16796875 0.79398148125 0.1627604171875 0.8125 0.1705729171875 0.8634259265625 0.17578125 0.865740740625
2 0.1203125 0.7578125 0.0578125 0.18046875
2 0.3841145828125 0.4699074078125 0.3880208328125 0.4236111109375 0.3841145828125 0.3981481484375 0.3723958328125 0.384259259375 0.3619791671875 0.40972222187499996 0.3606770828125 0.4583333328125 0.3671875 0.48379629687500003 0.3723958328125 0.4861111109375 0.3841145828125 0.4699074078125
2 0.4153645828125 0.34722222187499996 0.4114583328125 0.3379629625 0.3997395828125 0.3425925921875 0.3984375 0.3773148140625 0.4075520828125 0.3958333328125 0.4166666671875 0.3796296296875 0.4153645828125 0.34722222187499996
2 0.4791666671875 0.2824074078125 0.4700520828125 0.2615740734375 0.46484375 0.27777777812500004 0.4635416671875 0.33101851875 0.47265625 0.3495370375 0.4791666671875 0.3333333328125 0.4791666671875 0.2824074078125
2 0.4869791671875 0.1921296296875 0.4817708328125 0.1851851859375 0.4752604171875 0.1921296296875 0.4739583328125 0.23611111093749998 0.4817708328125 0.2476851859375 0.48828125 0.23611111093749998 0.4869791671875 0.1921296296875
1 0.5559895828125 0.21296296250000002 0.5533854171875 0.1666666671875 0.5455729171875 0.14351851875 0.5234375 0.1458333328125 0.5143229171875 0.16898148125 0.5130208328125 0.21296296250000002 0.5169270828125 0.22453703749999998 0.5247395828125 0.21296296250000002 0.5559895828125 0.21296296250000002
5 0.6734375 0.70078125 0.13046875 0.39921875
5 0.53125 0.6546875 0.12734375 0.3453125
5 0.6765625 0.42890625 0.1 0.18828125
5 0.6125 0.2265625 0.0734375 0.18203125
5 0.6859375 0.271875 0.07734375 0.1515625
5 0.44921875 0.8546875 0.1625 0.290625