5 0.51640625 0.6015625 0.13515625 0.3609375
5 0.678125 0.37109375 0.09375 0.19921875
5 0.65859375 0.66328125 0.1375 0.28203125
1 0.6927083328125 0.4513888890625 0.640625 0.4583333328125 0.6223958328125 0.516203703125 0.6236979171875 0.527777778125 0.7161458328125 0.527777778125 0.6927083328125 0.4513888890625
1 0.5481770828125 0.8541666671874999 0.5390625 0.8379629625 0.5442708328125 0.7824074078125001 0.5364583328125 0.7523148140625 0.5286458328125 0.733796296875 0.5052083328125 0.7291666671875 0.50390625 0.953703703125 0.5091145828125 0.9583333328125001 0.5286458328125 0.9398148140625 0.5481770828125 0.8541666671874999
2 0.4778645828125 0.34027777812500004 0.4791666671875 0.3101851859375 0.4739583328125 0.2986111109375 0.46484375 0.2986111109375 0.4596354171875 0.3148148140625 0.4583333328125 0.3518518515625 0.4661458328125 0.365740740625 0.4713541671875 0.3449074078125 0.4778645828125 0.34027777812500004
2 0.4505208328125 0.240740740625 0.4453125 0.222222221875 0.4401041671875 0.22453703749999998 0.4375 0.27777777812500004 0.4427083328125 0.29398148125 0.4505208328125 0.266203703125 0.4505208328125 0.240740740625
1 0.46484375 0.296296296875 0.4752604171875 0.296296296875 0.4856770828125 0.3101851859375 0.5013020828125 0.3101851859375 0.5065104171875 0.296296296875 0.5052083328125 0.2476851859375 0.4895833328125 0.21296296250000002 0.4661458328125 0.2175925921875 0.4518229171875 0.2453703703125 0.4453125 0.2824074078125 0.4505208328125 0.31944444375000003 0.4583333328125 0.31944444375000003 0.46484375 0.296296296875
2 0.46484375 0.178240740625 0.4661458328125 0.196759259375 0.4778645828125 0.1898148140625 0.4739583328125 0.1643518515625 0.46484375 0.178240740625
2 0.5169270828125 0.1666666671875 0.5104166671875 0.171296296875 0.5091145828125 0.20138888906250002 0.5182291671875 0.20833333281250002 0.5208333328125 0.17361111093749998 0.5169270828125 0.1666666671875
5 0.5598958328125 0.1226851859375 0.5572916671875 0.0949074078125 0.55078125 0.0856481484375 0.5325520828125 0.0856481484375 0.51953125 0.09953703750000001 0.5182291671875 0.14351851875 0.5247395828125 0.1851851859375 0.55078125 0.1875 0.5598958328125 0.1226851859375
2 0.4375 0.3796296296875 0.4270833328125 0.3541666671875 0.4153645828125 0.3796296296875 0.4166666671875 0.43981481406249995 0.42578125 0.45601851875 0.4348958328125 0.43981481406249995 0.4375 0.3796296296875
2 0.3528645828125 0.6574074078125001 0.3528645828125 0.625 0.3502604171875 0.58101851875 0.3372395828125 0.54398148125 0.3294270828125 0.5509259265625001 0.3138020828125 0.5925925921874999 0.3255208328125 0.6736111109375 0.3333333328125 0.6944444437499999 0.3528645828125 0.6574074078125001
2 0.20182291718749998 0.9074074078125 0.2109375 0.8796296296874999 0.22786458281250002 0.8703703703125001 0.22786458281250002 0.777777778125 0.21223958281250002 0.7291666671875 0.20442708281250002 0.7245370375 0.1927083328125 0.766203703125 0.1875 0.7870370375 0.1966145828125 0.8078703703125001 0.19140625 0.8680555562500001 0.20182291718749998 0.9074074078125
2 0.4869791671875 0.35648148125 0.4817708328125 0.3449074078125 0.4700520828125 0.35648148125 0.4700520828125 0.41898148125 0.4817708328125 0.42592592656250006 0.4895833328125 0.40046296249999996 0.4869791671875 0.35648148125
2 0.51953125 0.22916666718749998 0.5130208328125 0.21064814843750002 0.5065104171875 0.2199074078125 0.5078125 0.2708333328125 0.515625 0.2754629625 0.5208333328125 0.259259259375 0.51953125 0.22916666718749998
2 0.140625 0.5694444437499999 0.1484375 0.5509259265625001 0.1458333328125 0.5231481484375 0.1315104171875 0.5138888890625 0.109375 0.5231481484375 0.09114583281250001 0.5115740734374999 0.08333333281250001 0.5393518515625 0.08203125 0.5555555562500001 0.09114583281250001 0.571759259375 0.1028645828125 0.5601851859375 0.140625 0.5694444437499999
5 0.57421875 0.37578125 0.07578125 0.190625