2 0.2109375 0.7291666671875 0.20703125 0.6550925921874999 0.1888020828125 0.6180555562500001 0.1770833328125 0.6620370375 0.1744791671875 0.7199074078125001 0.1809895828125 0.766203703125 0.1875 0.7708333328125 0.2109375 0.7291666671875
2 0.49609375 0.1273148140625 0.4908854171875 0.1226851859375 0.4869791671875 0.1296296296875 0.4856770828125 0.1643518515625 0.4908854171875 0.17361111093749998 0.4973958328125 0.15972222187500001 0.49609375 0.1273148140625
2 0.52734375 0.1273148140625 0.5182291671875 0.11805555625 0.515625 0.1574074078125 0.5234375 0.16898148125 0.5286458328125 0.1550925921875 0.52734375 0.1273148140625
2 0.5403645828125 0.1111111109375 0.5364583328125 0.141203703125 0.5442708328125 0.1666666671875 0.5481770828125 0.125 0.5403645828125 0.1111111109375
5 0.37890625 0.4143518515625 0.3932291671875 0.5023148140625 0.4010416671875 0.48842592656250006 0.4153645828125 0.48379629687500003 0.4440104171875 0.48148148125 0.4583333328125 0.49305555625 0.4791666671875 0.43981481406249995 0.4739583328125 0.259259259375 0.4088541671875 0.2638888890625 0.3841145828125 0.3125 0.3828125 0.39351851875 0.3723958328125 0.3981481484375 0.3723958328125 0.40972222187499996 0.37890625 0.4143518515625
1 0.5416666671875 0.2800925921875 0.54296875 0.24305555625 0.5325520828125 0.222222221875 0.50390625 0.222222221875 0.4947916671875 0.23148148124999998 0.48828125 0.2476851859375 0.4895833328125 0.3009259265625 0.5208333328125 0.296296296875 0.5416666671875 0.2800925921875
1 0.55859375 0.6875 0.5442708328125 0.6018518515625 0.5403645828125 0.5949074078125001 0.5078125 0.5949074078125001 0.5065104171875 0.7615740734374999 0.5169270828125 0.7708333328125 0.5533854171875 0.7731481484375 0.55859375 0.6875
1 0.24869791718749998 0.9884259265625 0.24609375 0.8611111109375 0.23828125 0.8194444437499999 0.22135416718749998 0.7870370375 0.1705729171875 0.7893518515625 0.1497395828125 0.8009259265625 0.1197916671875 0.8634259265625 0.1041666671875 0.921296296875 0.09114583281250001 0.921296296875 0.09895833281250001 0.95601851875 0.09114583281250001 0.9976851859375 0.24479166718749998 0.9976851859375 0.24869791718749998 0.9884259265625
5 0.678125 0.39140625 0.1125 0.25625
5 0.653125 0.67265625 0.13203125 0.31328125
5 0.5359375 0.49609375 0.10703125 0.3
5 0.39921875 0.72109375 0.215625 0.4015625