1 0.23567708281250002 0.9976851859375 0.2421875 0.9513888890625 0.24609375 0.953703703125 0.2552083328125 0.928240740625 0.26953125 0.921296296875 0.2747395828125 0.909722221875 0.2786458328125 0.858796296875 0.2682291671875 0.75 0.22265625 0.740740740625 0.1809895828125 0.7453703703125 0.1588541671875 0.7569444437499999 0.1380208328125 0.7916666671875 0.1315104171875 0.8240740734375 0.1145833328125 0.8518518515625001 0.1171875 0.875 0.10546875 0.921296296875 0.1106770828125 0.9953703703125001 0.1888020828125 0.990740740625 0.1953125 0.9976851859375 0.23567708281250002 0.9976851859375
1 0.5234375 0.22453703749999998 0.4934895828125 0.22453703749999998 0.4817708328125 0.2523148140625 0.48046875 0.303240740625 0.5286458328125 0.296296296875 0.5325520828125 0.2476851859375 0.5234375 0.22453703749999998
2 0.3411458328125 0.527777778125 0.3489583328125 0.516203703125 0.3515625 0.490740740625 0.34765625 0.4328703703125 0.3385416671875 0.4166666671875 0.3333333328125 0.42129629687500003 0.3307291671875 0.45601851875 0.3333333328125 0.48379629687500003 0.3294270828125 0.5046296296875 0.3359375 0.527777778125 0.3411458328125 0.527777778125
2 0.3893229171875 0.375 0.37890625 0.36805555624999997 0.3723958328125 0.3958333328125 0.3736979171875 0.4606481484375 0.3815104171875 0.47453703750000004 0.3893229171875 0.46527777812500004 0.3893229171875 0.375
2 0.4127604171875 0.41203703750000004 0.4036458328125 0.384259259375 0.3919270828125 0.40277777812500004 0.3932291671875 0.4791666671875 0.3997395828125 0.4953703703125 0.4114583328125 0.47453703750000004 0.4127604171875 0.41203703750000004
2 0.4505208328125 0.41203703750000004 0.4348958328125 0.384259259375 0.4270833328125 0.42129629687500003 0.4270833328125 0.4699074078125 0.4388020828125 0.5046296296875 0.4518229171875 0.4791666671875 0.4505208328125 0.41203703750000004
2 0.4947916671875 0.1574074078125 0.48828125 0.18055555625 0.4895833328125 0.2199074078125 0.4973958328125 0.2199074078125 0.5026041671875 0.1898148140625 0.4947916671875 0.1574074078125
2 0.5690104171875 0.11574074062499999 0.5638020828125 0.1041666671875 0.55859375 0.11342592656249999 0.5559895828125 0.134259259375 0.5638020828125 0.1574074078125 0.5690104171875 0.1458333328125 0.5690104171875 0.11574074062499999
5 0.67265625 0.69140625 0.12734375 0.38828125
5 0.68828125 0.2734375 0.0828125 0.1546875
5 0.521875 0.6875 0.14140625 0.38125
5 0.60625 0.2484375 0.075 0.2015625
2 0.1341145828125 0.6458333328125 0.1341145828125 0.590277778125 0.1145833328125 0.546296296875 0.10546875 0.5509259265625001 0.1015625 0.6481481484375 0.1067708328125 0.6666666671875 0.12109375 0.678240740625 0.1341145828125 0.6458333328125