1 0.6888020828125 0.9259259265625 0.703125 0.858796296875 0.7018229171875 0.8263888890625 0.7083333328125 0.784722221875 0.7083333328125 0.75 0.6953125 0.6990740734374999 0.6822916671875 0.6828703703125 0.6536458328125 0.671296296875 0.6315104171875 0.66898148125 0.6171875 0.6805555562500001 0.5950520828125 0.7291666671875 0.5755208328125 0.79398148125 0.5638020828125 0.7986111109375 0.5690104171875 0.83101851875 0.5546875 0.8726851859375 0.5481770828125 0.9120370375 0.546875 0.965277778125 0.5572916671875 0.9976851859375 0.68359375 0.9976851859375 0.6888020828125 0.9259259265625
1 0.9466145828125001 0.70601851875 0.9596354171874999 0.6759259265625001 0.9817708328125001 0.652777778125 0.9908854171874999 0.5856481484375 0.94921875 0.5486111109375 0.91015625 0.5393518515625 0.8854166671874999 0.5648148140625 0.85546875 0.625 0.8515625 0.6550925921874999 0.8567708328125001 0.66898148125 0.9309895828125001 0.7083333328125 0.9466145828125001 0.70601851875
2 0.2786458328125 0.9976851859375 0.3098958328125 0.9976851859375 0.3190104171875 0.9629629625 0.3411458328125 0.9421296296874999 0.3372395828125 0.9050925921875 0.3489583328125 0.858796296875 0.3372395828125 0.828703703125 0.3151041671875 0.8125 0.30859375 0.7986111109375 0.3033854171875 0.7986111109375 0.2838541671875 0.840277778125 0.2747395828125 0.91898148125 0.265625 0.9421296296874999 0.2721354171875 0.9490740734375 0.2786458328125 0.9976851859375
2 0.4544270828125 0.8958333328125001 0.4739583328125 0.7986111109375 0.4661458328125 0.796296296875 0.4609375 0.7824074078125001 0.45703125 0.7430555562500001 0.4466145828125 0.722222221875 0.4388020828125 0.7245370375 0.4192708328125 0.7916666671875 0.4283854171875 0.865740740625 0.4270833328125 0.902777778125 0.4401041671875 0.9143518515625001 0.4544270828125 0.8958333328125001
2 0.4114583328125 0.75 0.4088541671875 0.7291666671875 0.3984375 0.722222221875 0.3932291671875 0.6851851859375 0.3841145828125 0.6875 0.3763020828125 0.733796296875 0.3723958328125 0.8495370375 0.3841145828125 0.875 0.3997395828125 0.85648148125 0.4114583328125 0.75
2 0.2955729171875 0.6180555562500001 0.30078125 0.590277778125 0.2799479171875 0.546296296875 0.2721354171875 0.5509259265625001 0.2721354171875 0.5671296296875 0.2669270828125 0.5740740734374999 0.265625 0.671296296875 0.2747395828125 0.70601851875 0.296875 0.659722221875 0.2955729171875 0.6180555562500001
2 0.4505208328125 0.5694444437499999 0.4361979171875 0.5509259265625001 0.4348958328125 0.5324074078125001 0.4283854171875 0.527777778125 0.4166666671875 0.5740740734374999 0.4270833328125 0.6643518515625 0.4427083328125 0.6736111109375 0.4479166671875 0.6574074078125001 0.4505208328125 0.5694444437499999
2 0.3502604171875 0.5555555562500001 0.3489583328125 0.509259259375 0.3372395828125 0.490740740625 0.3359375 0.47453703750000004 0.3294270828125 0.47222222187499996 0.3151041671875 0.5208333328125 0.3203125 0.5856481484375 0.328125 0.60648148125 0.3372395828125 0.6111111109375 0.3502604171875 0.5555555562500001
2 0.4466145828125 0.48842592656250006 0.4622395828125 0.48379629687500003 0.484375 0.5069444437499999 0.4921875 0.5046296296875 0.4973958328125 0.4791666671875 0.4947916671875 0.4583333328125 0.48828125 0.4513888890625 0.4856770828125 0.41898148125 0.4700520828125 0.4074074078125 0.453125 0.42592592656250006 0.44921875 0.44907407343749994 0.44140625 0.4606481484375 0.4427083328125 0.48148148125 0.4466145828125 0.48842592656250006
2 0.6106770828125 0.47453703750000004 0.6197916671875 0.45370370312499997 0.6158854171875 0.4236111109375 0.5885416671875 0.42592592656250006 0.5833333328125 0.40972222187499996 0.5755208328125 0.4050925921875 0.5625 0.4074074078125 0.5546875 0.4421296296875 0.5533854171875 0.4606481484375 0.5598958328125 0.47222222187499996 0.578125 0.46296296249999996 0.6106770828125 0.47453703750000004
2 0.09505208281250001 0.6134259265625001 0.1236979171875 0.6296296296875 0.1263020828125 0.5763888890625 0.1145833328125 0.534722221875 0.09895833281250001 0.5 0.07942708281250001 0.48842592656250006 0.0859375 0.51851851875 0.078125 0.5509259265625001 0.08333333281250001 0.6180555562500001 0.09505208281250001 0.6134259265625001
2 0.0481770828125 0.64351851875 0.04296875 0.625 0.04296875 0.5740740734374999 0.0260416671875 0.51851851875 0.014322917187500001 0.516203703125 0.006510417187500001 0.546296296875 0.00390625 0.5740740734374999 0.0078125 0.5949074078125001 0.0325520828125 0.6388888890625 0.0481770828125 0.64351851875
2 0.05338541718749999 0.5138888890625 0.05859375 0.5023148140625 0.03515625 0.45370370312499997 0.0286458328125 0.45370370312499997 0.015625 0.509259259375 0.0494791671875 0.590277778125 0.05989583281250001 0.5555555562500001 0.05338541718749999 0.5138888890625
2 0.14453125 0.49768518593750005 0.1315104171875 0.43981481406249995 0.1236979171875 0.4375 0.109375 0.4768518515625 0.1119791671875 0.527777778125 0.1236979171875 0.553240740625 0.1419270828125 0.5694444437499999 0.14453125 0.49768518593750005
2 0.17578125 0.5254629625 0.1796875 0.5046296296875 0.1705729171875 0.4768518515625 0.1692708328125 0.43055555625 0.1484375 0.40277777812500004 0.1380208328125 0.4143518515625 0.1341145828125 0.4421296296875 0.1419270828125 0.490740740625 0.1484375 0.5046296296875 0.17578125 0.5254629625
2 0.2669270828125 0.43055555625 0.2552083328125 0.391203703125 0.24348958281250002 0.40972222187499996 0.23958333281250002 0.4236111109375 0.2421875 0.48842592656250006 0.26171875 0.5115740734374999 0.2669270828125 0.43055555625
2 0.3020833328125 0.3425925921875 0.2903645828125 0.33101851875 0.2786458328125 0.3611111109375 0.2825520828125 0.40277777812500004 0.3020833328125 0.40972222187499996 0.3059895828125 0.391203703125 0.3020833328125 0.3425925921875
2 0.3802083328125 0.3611111109375 0.3723958328125 0.3518518515625 0.3671875 0.35648148125 0.3580729171875 0.384259259375 0.3541666671875 0.42592592656250006 0.3763020828125 0.44444444375 0.3841145828125 0.40277777812500004 0.3802083328125 0.3611111109375
2 0.4231770828125 0.36805555624999997 0.4127604171875 0.3425925921875 0.4036458328125 0.35648148125 0.40234375 0.428240740625 0.4127604171875 0.43981481406249995 0.4192708328125 0.43055555625 0.4231770828125 0.36805555624999997
2 0.20963541718749998 0.3356481484375 0.22135416718749998 0.3125 0.22135416718749998 0.3009259265625 0.20833333281250002 0.26851851875 0.1966145828125 0.28472222187499996 0.1966145828125 0.30555555624999997 0.20052083281250002 0.328703703125 0.20963541718749998 0.3356481484375
2 0.1028645828125 0.42592592656250006 0.09765625 0.365740740625 0.09375 0.3518518515625 0.08333333281250001 0.3449074078125 0.07552083281250001 0.3703703703125 0.07552083281250001 0.391203703125 0.09244791718749999 0.40046296249999996 0.1028645828125 0.42592592656250006
2 0.09895833281250001 0.3425925921875 0.1002604171875 0.303240740625 0.08333333281250001 0.26851851875 0.078125 0.2708333328125 0.07161458281250001 0.29398148125 0.07942708281250001 0.321759259375 0.0859375 0.3379629625 0.09895833281250001 0.3425925921875
1 0.1458333328125 0.40277777812500004 0.15625 0.40972222187499996 0.1653645828125 0.4421296296875 0.1731770828125 0.44907407343749994 0.1966145828125 0.4421296296875 0.20442708281250002 0.39351851875 0.1966145828125 0.3634259265625 0.1666666671875 0.33101851875 0.1158854171875 0.34027777812500004 0.109375 0.3518518515625 0.1106770828125 0.365740740625 0.13671875 0.38194444375000003 0.1458333328125 0.40277777812500004
2 0.1341145828125 0.2708333328125 0.1263020828125 0.266203703125 0.1223958328125 0.2754629625 0.12109375 0.328703703125 0.1432291671875 0.328703703125 0.1432291671875 0.3009259265625 0.1341145828125 0.2708333328125
2 0.15625 0.23611111093749998 0.1484375 0.23611111093749998 0.1458333328125 0.2916666671875 0.1588541671875 0.296296296875 0.1627604171875 0.2546296296875 0.15625 0.23611111093749998
2 0.09765625 0.48148148125 0.09635416718749999 0.42129629687500003 0.08463541718749999 0.384259259375 0.07552083281250001 0.3865740734375 0.06770833281250001 0.4236111109375 0.08072916718749999 0.4606481484375 0.07942708281250001 0.4791666671875 0.09765625 0.48148148125
2 0.1341145828125 0.43518518593750005 0.1341145828125 0.39351851875 0.1223958328125 0.365740740625 0.1106770828125 0.3726851859375 0.1080729171875 0.4328703703125 0.1106770828125 0.4513888890625 0.1158854171875 0.45370370312499997 0.1341145828125 0.43518518593750005
1 0 0.3148148140625 0.0325520828125 0.3773148140625 0.07552083281250001 0.36805555624999997 0.08203125 0.33101851875 0.05989583281250001 0.2731481484375 0.0377604171875 0.25694444375000003 0.0169270828125 0.25694444375000003 0.0052083328125 0.266203703125 0 0.2800925921875 0 0.3148148140625
2 0.98828125 0.865740740625 0.9934895828125001 0.8125 0.9700520828125001 0.8125 0.9453125 0.840277778125 0.9388020828125001 0.9398148140625 0.9375 0.9976851859375 0.9791666671874999 0.9976851859375 0.99609375 0.9143518515625001 0.98828125 0.865740740625
2 0.8815104171874999 0.7893518515625 0.8580729171874999 0.7546296296875 0.859375 0.7291666671875 0.8489583328125001 0.7291666671875 0.82421875 0.766203703125 0.8190104171874999 0.7870370375 0.8203125 0.8194444437499999 0.8138020828125001 0.840277778125 0.8177083328125001 0.9143518515625001 0.8372395828125001 0.89351851875 0.8645833328125001 0.884259259375 0.8815104171874999 0.7893518515625
2 0.9986979171874999 0.803240740625 0.9986979171874999 0.703703703125 0.9921875 0.703703703125 0.9817708328125001 0.7291666671875 0.9661458328125001 0.7430555562500001 0.9583333328125001 0.8379629625 0.9869791671874999 0.8263888890625 0.9934895828125001 0.83101851875 0.9986979171874999 0.803240740625