1 0.4348958328125 0.48842592656250006 0.4348958328125 0.4328703703125 0.4231770828125 0.3981481484375 0.3841145828125 0.40277777812500004 0.3671875 0.43055555625 0.35546875 0.4699074078125 0.3567708328125 0.5254629625 0.4231770828125 0.516203703125 0.4348958328125 0.48842592656250006
1 0.3294270828125 0.6296296296875 0.3307291671875 0.652777778125 0.3671875 0.659722221875 0.375 0.66898148125 0.3763020828125 0.6851851859375 0.39453125 0.6851851859375 0.4153645828125 0.6180555562500001 0.4270833328125 0.608796296875 0.4231770828125 0.5509259265625001 0.4075520828125 0.5300925921874999 0.3658854171875 0.5324074078125001 0.3489583328125 0.5486111109375 0.3385416671875 0.5856481484375 0.3294270828125 0.590277778125 0.3346354171875 0.608796296875 0.3294270828125 0.6296296296875
1 0.3111979171875 0.652777778125 0.3138020828125 0.6041666671875 0.3098958328125 0.5740740734374999 0.2760416671875 0.54398148125 0.23958333281250002 0.5555555562500001 0.22916666718749998 0.5671296296875 0.21484375 0.60648148125 0.20703125 0.6574074078125001 0.20703125 0.703703703125 0.21223958281250002 0.7106481484375 0.28125 0.6990740734374999 0.3111979171875 0.652777778125
1 0.33203125 0.7824074078125001 0.3802083328125 0.7708333328125 0.3841145828125 0.7013888890625 0.3645833328125 0.6643518515625 0.3268229171875 0.659722221875 0.2994791671875 0.6736111109375 0.2825520828125 0.7083333328125 0.2630208328125 0.7731481484375 0.2552083328125 0.83101851875 0.2552083328125 0.902777778125 0.265625 0.91898148125 0.2760416671875 0.921296296875 0.33203125 0.7824074078125001
1 0.5260416671875 0.2800925921875 0.5559895828125 0.240740740625 0.5533854171875 0.1898148140625 0.5442708328125 0.17361111093749998 0.5065104171875 0.18055555625 0.48046875 0.20370370312500002 0.4739583328125 0.2199074078125 0.4739583328125 0.266203703125 0.4830729171875 0.2893518515625 0.5260416671875 0.2800925921875
2 0.1145833328125 0.678240740625 0.1184895828125 0.641203703125 0.09895833281250001 0.571759259375 0.09505208281250001 0.5671296296875 0.0859375 0.5833333328125 0.0859375 0.6921296296875 0.08854166718749999 0.7013888890625 0.09635416718749999 0.7013888890625 0.1145833328125 0.678240740625
2 0.3515625 0.41898148125 0.3424479171875 0.384259259375 0.3372395828125 0.3865740734375 0.3255208328125 0.4375 0.3294270828125 0.4861111109375 0.3450520828125 0.48379629687500003 0.3515625 0.45601851875 0.3515625 0.41898148125
2 0.4700520828125 0.21064814843750002 0.4674479171875 0.1875 0.4583333328125 0.18055555625 0.4479166671875 0.22916666718749998 0.4622395828125 0.24305555625 0.4700520828125 0.23148148124999998 0.4700520828125 0.21064814843750002
5 0.5546875 0.4375 0.1125 0.31484375
5 0.66640625 0.58671875 0.11796875 0.25
5 0.68203125 0.33671875 0.0953125 0.16796875
5 0.59296875 0.21796875 0.06484375 0.06484375
5 0.61953125 0.12109375 0.0421875 0.1328125
5 0.5078125 0.61875 0.121875 0.35703125