1 0.4427083328125 0.5393518515625 0.4518229171875 0.4861111109375 0.46484375 0.45601851875 0.4635416671875 0.428240740625 0.44921875 0.3981481484375 0.4140625 0.3981481484375 0.4036458328125 0.4143518515625 0.40234375 0.4328703703125 0.41796875 0.45601851875 0.4231770828125 0.5393518515625 0.4427083328125 0.5393518515625
1 0.5182291671875 0.34027777812500004 0.5208333328125 0.3171296296875 0.5091145828125 0.2916666671875 0.4765625 0.29398148125 0.46875 0.303240740625 0.4596354171875 0.328703703125 0.4609375 0.3888888890625 0.48828125 0.3865740734375 0.5182291671875 0.34027777812500004
1 0.25 0.9976851859375 0.2877604171875 0.8981481484374999 0.3177083328125 0.884259259375 0.3072916671875 0.875 0.2942708328125 0.7824074078125001 0.2760416671875 0.7546296296875 0.2109375 0.7638888890625 0.1731770828125 0.8171296296874999 0.1536458328125 0.875 0.1380208328125 0.8819444437499999 0.1419270828125 0.921296296875 0.1302083328125 0.9699074078125 0.1315104171875 0.9976851859375 0.25 0.9976851859375
5 0.2955729171875 0.7638888890625 0.3645833328125 0.759259259375 0.3854166671875 0.6921296296875 0.4153645828125 0.6550925921874999 0.421875 0.60648148125 0.4153645828125 0.4375 0.3229166671875 0.44444444375 0.2877604171875 0.516203703125 0.2903645828125 0.58101851875 0.2786458328125 0.641203703125 0.28515625 0.7476851859375 0.2955729171875 0.7638888890625
1 0.5455729171875 0.8703703703125001 0.5520833328125 0.8125 0.5442708328125 0.766203703125 0.5299479171875 0.733796296875 0.5052083328125 0.7291666671875 0.5052083328125 0.95601851875 0.51171875 0.9583333328125001 0.5286458328125 0.9398148140625 0.5455729171875 0.8703703703125001
5 0.65 0.659375 0.13671875 0.28671875
1 0.7161458328125 0.527777778125 0.7161458328125 0.516203703125 0.6979166671875 0.4768518515625 0.7005208328125 0.46527777812500004 0.6966145828125 0.45601851875 0.6510416671875 0.4513888890625 0.640625 0.4583333328125 0.6354166671875 0.49305555625 0.6223958328125 0.516203703125 0.6236979171875 0.527777778125 0.7161458328125 0.527777778125
2 0.20963541718749998 0.6851851859375 0.20182291718749998 0.6180555562500001 0.1888020828125 0.5925925921874999 0.18359375 0.5949074078125001 0.1770833328125 0.6319444437499999 0.1770833328125 0.696759259375 0.1888020828125 0.7523148140625 0.20833333281250002 0.715277778125 0.20963541718749998 0.6851851859375
2 0.22786458281250002 0.6574074078125001 0.2421875 0.625 0.24348958281250002 0.5671296296875 0.234375 0.5208333328125 0.22395833281250002 0.5254629625 0.21614583281250002 0.5648148140625 0.21614583281250002 0.615740740625 0.22395833281250002 0.6574074078125001 0.22786458281250002 0.6574074078125001
2 0.2916666671875 0.5 0.2864583328125 0.47222222187499996 0.2786458328125 0.4699074078125 0.2669270828125 0.5023148140625 0.2734375 0.5601851859375 0.28515625 0.5555555562500001 0.2916666671875 0.5
2 0.3567708328125 0.428240740625 0.3567708328125 0.4074074078125 0.34765625 0.358796296875 0.3411458328125 0.3611111109375 0.3333333328125 0.4166666671875 0.33984375 0.4375 0.3502604171875 0.4375 0.3567708328125 0.428240740625
2 0.3723958328125 0.3865740734375 0.3658854171875 0.4143518515625 0.3671875 0.4328703703125 0.38671875 0.43055555625 0.3776041671875 0.384259259375 0.3723958328125 0.3865740734375
2 0.4596354171875 0.1898148140625 0.4544270828125 0.20138888906250002 0.4544270828125 0.2476851859375 0.4622395828125 0.2523148140625 0.46484375 0.20138888906250002 0.4596354171875 0.1898148140625
2 0.48828125 0.215277778125 0.4817708328125 0.196759259375 0.4765625 0.20138888906250002 0.4739583328125 0.2546296296875 0.4778645828125 0.266203703125 0.484375 0.266203703125 0.48828125 0.215277778125
2 0.51953125 0.141203703125 0.5169270828125 0.1851851859375 0.5247395828125 0.19444444375 0.52734375 0.1504629625 0.51953125 0.141203703125
2 0.1380208328125 0.5694444437499999 0.1471354171875 0.5625 0.1458333328125 0.509259259375 0.1315104171875 0.5138888890625 0.1263020828125 0.4953703703125 0.1197916671875 0.509259259375 0.1067708328125 0.516203703125 0.09895833281250001 0.49305555625 0.08463541718749999 0.5254629625 0.08333333281250001 0.5578703703125 0.08984375 0.5694444437499999 0.1080729171875 0.5578703703125 0.1380208328125 0.5694444437499999
5 0.5171875 0.60078125 0.125 0.359375
5 0.67265625 0.36796875 0.096875 0.175