5 0.265625 0.6296296296875 0.2864583328125 0.652777778125 0.2955729171875 0.64351851875 0.2994791671875 0.6296296296875 0.296875 0.6134259265625001 0.3098958328125 0.5949074078125001 0.23958333281250002 0.5925925921874999 0.22916666718749998 0.5949074078125001 0.234375 0.64351851875 0.2552083328125 0.652777778125 0.265625 0.6296296296875
5 0.24088541718749998 0.578703703125 0.2421875 0.5486111109375 0.21223958281250002 0.5486111109375 0.1966145828125 0.58101851875 0.1783854171875 0.6574074078125001 0.1783854171875 0.66898148125 0.1861979171875 0.66898148125 0.20572916718749998 0.6458333328125 0.24088541718749998 0.578703703125
5 0.09895833281250001 0.8449074078125 0.1067708328125 0.9976851859375 0.24739583281250002 0.9953703703125001 0.2565104171875 0.965277778125 0.2565104171875 0.9444444437499999 0.2669270828125 0.9421296296874999 0.27734375 0.91898148125 0.3020833328125 0.8495370375 0.3046875 0.8263888890625 0.3111979171875 0.8125 0.3177083328125 0.8125 0.3216145828125 0.79398148125 0.30859375 0.7708333328125 0.3098958328125 0.759259259375 0.3020833328125 0.7430555562500001 0.296875 0.75 0.2903645828125 0.7430555562500001 0.2825520828125 0.6851851859375 0.2630208328125 0.671296296875 0.19140625 0.6759259265625001 0.1223958328125 0.66898148125 0.11328125 0.6805555562500001 0.1106770828125 0.7106481484375 0.08463541718749999 0.7638888890625 0.0859375 0.8194444437499999 0.09895833281250001 0.8449074078125
1 0.4114583328125 0.6226851859375 0.4361979171875 0.58101851875 0.4361979171875 0.5300925921874999 0.4309895828125 0.5023148140625 0.4192708328125 0.4791666671875 0.3658854171875 0.5 0.3541666671875 0.534722221875 0.3463541671875 0.5694444437499999 0.3502604171875 0.6296296296875 0.37890625 0.6203703703125 0.4114583328125 0.6226851859375
1 0.4348958328125 0.4583333328125 0.4466145828125 0.44907407343749994 0.4895833328125 0.4513888890625 0.4986979171875 0.42592592656250006 0.4973958328125 0.3518518515625 0.4817708328125 0.321759259375 0.4466145828125 0.328703703125 0.4322916671875 0.35648148125 0.4231770828125 0.4074074078125 0.421875 0.4421296296875 0.4270833328125 0.4699074078125 0.4361979171875 0.4699074078125 0.4348958328125 0.4583333328125
2 0.4015625 0.39375 0.03125 0.10390625
2 0.3515625 0.50546875 0.03046875 0.1296875
2 0.37109375 0.42421875 0.02578125 0.1015625
2 0.44765625 0.2953125 0.01875 0.0734375
5 0.5546875 0.43359375 0.10859375 0.28671875
2 0.509375 0.275 0.0234375 0.07890625
2 0.509375 0.20078125 0.01953125 0.05703125
2 0.4671875 0.2078125 0.02421875 0.06015625
2 0.63125 0.3703125 0.02265625 0.11484375
2 0.52421875 0.140625 0.01328125 0.05390625
1 0.546875 0.1625 0.0421875 0.0703125
5 0.66796875 0.590625 0.109375 0.24765625
5 0.46328125 0.79140625 0.1375 0.39609375
5 0.5125 0.63359375 0.12265625 0.37734375
5 0.6828125 0.3328125 0.0921875 0.159375