5 0.51640625 0.59375 0.1328125 0.3609375
5 0.6734375 0.365625 0.0984375 0.19609375
5 0.66171875 0.6703125 0.1203125 0.29140625
1 0.5533854171875 0.8148148140625 0.53125 0.733796296875 0.5052083328125 0.7291666671875 0.5065104171875 0.946759259375 0.5130208328125 0.953703703125 0.52734375 0.9421296296874999 0.5533854171875 0.8148148140625
2 0.23046875 0.7916666671875 0.23177083281250002 0.7106481484375 0.22265625 0.6851851859375 0.22265625 0.66898148125 0.21484375 0.6620370375 0.20833333281250002 0.66898148125 0.1979166671875 0.733796296875 0.203125 0.8009259265625 0.21223958281250002 0.8333333328125001 0.23046875 0.7916666671875
2 0.1510416671875 0.9976851859375 0.1497395828125 0.91898148125 0.1393229171875 0.8958333328125001 0.13671875 0.8680555562500001 0.12890625 0.865740740625 0.1236979171875 0.875 0.1236979171875 0.89351851875 0.1106770828125 0.928240740625 0.1067708328125 0.9699074078125 0.11328125 0.9768518515625001 0.1119791671875 0.9976851859375 0.1510416671875 0.9976851859375
2 0.3828125 0.47222222187499996 0.3880208328125 0.42592592656250006 0.3723958328125 0.3796296296875 0.3684895828125 0.3796296296875 0.36328125 0.4074074078125 0.359375 0.43055555625 0.36328125 0.4768518515625 0.37109375 0.49305555625 0.3828125 0.47222222187499996
2 0.3919270828125 0.3449074078125 0.3841145828125 0.3171296296875 0.3763020828125 0.3263888890625 0.3736979171875 0.3773148140625 0.3841145828125 0.3981481484375 0.3932291671875 0.3796296296875 0.3919270828125 0.3449074078125
2 0.4661458328125 0.16898148125 0.4583333328125 0.16898148125 0.4544270828125 0.21296296250000002 0.4635416671875 0.22453703749999998 0.46875 0.1921296296875 0.4661458328125 0.16898148125
2 0.5065104171875 0.171296296875 0.4973958328125 0.15972222187500001 0.4934895828125 0.20370370312500002 0.5013020828125 0.2199074078125 0.5078125 0.1898148140625 0.5065104171875 0.171296296875
2 0.1471354171875 0.5625 0.1458333328125 0.5254629625 0.1393229171875 0.516203703125 0.10546875 0.5231481484375 0.09895833281250001 0.49768518593750005 0.0859375 0.5254629625 0.08333333281250001 0.5578703703125 0.09114583281250001 0.5740740734374999 0.10546875 0.5601851859375 0.1471354171875 0.5625
1 0.5234375 0.1643518515625 0.5078125 0.1921296296875 0.5091145828125 0.2453703703125 0.5494791671875 0.23611111093749998 0.546875 0.1643518515625 0.5234375 0.1643518515625