5 0.653125 0.7921875 0.13671875 0.4046875
5 0.4375 0.8125 0.234375 0.37421875
5 0.6671875 0.41484375 0.1015625 0.20625
5 0.5640625 0.4171875 0.084375 0.21875
1 0.70703125 0.5625 0.6927083328125 0.509259259375 0.68359375 0.5023148140625 0.6354166671875 0.516203703125 0.6197916671875 0.553240740625 0.6197916671875 0.5925925921874999 0.70703125 0.5925925921874999 0.70703125 0.5625
1 0.4231770828125 0.5671296296875 0.4283854171875 0.5393518515625 0.4557291671875 0.4675925921875 0.4713541671875 0.4606481484375 0.4713541671875 0.43518518593750005 0.45703125 0.40046296249999996 0.4270833328125 0.40046296249999996 0.4049479171875 0.41898148125 0.38671875 0.4675925921875 0.3828125 0.5115740734374999 0.3854166671875 0.5601851859375 0.4205729171875 0.5555555562500001 0.4231770828125 0.5671296296875
1 0.5104166671875 0.321759259375 0.4895833328125 0.2893518515625 0.4674479171875 0.3009259265625 0.453125 0.3379629625 0.453125 0.3958333328125 0.5052083328125 0.391203703125 0.5130208328125 0.3703703703125 0.5104166671875 0.321759259375
1 0.4947916671875 0.134259259375 0.4765625 0.134259259375 0.46875 0.1458333328125 0.4661458328125 0.1921296296875 0.50390625 0.18055555625 0.50390625 0.1481481484375 0.4947916671875 0.134259259375
2 0.2604166671875 0.7638888890625 0.2578125 0.6828703703125 0.24739583281250002 0.659722221875 0.24609375 0.641203703125 0.23958333281250002 0.6365740734374999 0.21614583281250002 0.6828703703125 0.22526041718749998 0.722222221875 0.2265625 0.79398148125 0.23567708281250002 0.8078703703125001 0.2604166671875 0.7638888890625
2 0.1015625 0.9976851859375 0.1484375 0.9976851859375 0.15234375 0.9768518515625001 0.1432291671875 0.9444444437499999 0.1419270828125 0.8888888890625 0.1236979171875 0.8518518515625001 0.1145833328125 0.8541666671874999 0.1145833328125 0.8703703703125001 0.09765625 0.9259259265625 0.1041666671875 0.946759259375 0.1015625 0.9976851859375
2 0.3216145828125 0.58101851875 0.3255208328125 0.5671296296875 0.3229166671875 0.4953703703125 0.3138020828125 0.4675925921875 0.3020833328125 0.4953703703125 0.2994791671875 0.546296296875 0.3046875 0.5856481484375 0.3098958328125 0.5879629625 0.3216145828125 0.58101851875
2 0.3736979171875 0.509259259375 0.3697916671875 0.45370370312499997 0.3606770828125 0.4236111109375 0.3541666671875 0.42592592656250006 0.3502604171875 0.446759259375 0.3528645828125 0.527777778125 0.3567708328125 0.5370370375 0.3658854171875 0.534722221875 0.3736979171875 0.509259259375
2 0.3932291671875 0.4328703703125 0.39453125 0.4074074078125 0.3815104171875 0.3518518515625 0.3736979171875 0.391203703125 0.3723958328125 0.41898148125 0.3776041671875 0.45370370312499997 0.3828125 0.4583333328125 0.3932291671875 0.4328703703125
2 0.4114583328125 0.375 0.4088541671875 0.33101851875 0.4049479171875 0.3101851859375 0.3958333328125 0.3125 0.3919270828125 0.3240740734375 0.3919270828125 0.384259259375 0.3958333328125 0.40046296249999996 0.4036458328125 0.3981481484375 0.4114583328125 0.375
2 0.5247395828125 0.1921296296875 0.51953125 0.18055555625 0.5104166671875 0.19444444375 0.5104166671875 0.222222221875 0.5130208328125 0.23148148124999998 0.5208333328125 0.23148148124999998 0.5247395828125 0.1921296296875
2 0.1471354171875 0.5671296296875 0.1458333328125 0.5069444437499999 0.1315104171875 0.5138888890625 0.1276041671875 0.5 0.10546875 0.5046296296875 0.09895833281250001 0.4953703703125 0.08463541718749999 0.5231481484375 0.08203125 0.5555555562500001 0.09114583281250001 0.5694444437499999 0.109375 0.5578703703125 0.1471354171875 0.5671296296875