1 0.3424479171875 0.6851851859375 0.34375 0.7129629625 0.4075520828125 0.70601851875 0.421875 0.659722221875 0.421875 0.571759259375 0.4036458328125 0.5486111109375 0.3776041671875 0.54398148125 0.3528645828125 0.5509259265625001 0.3411458328125 0.5648148140625 0.3333333328125 0.597222221875 0.3203125 0.6111111109375 0.328125 0.652777778125 0.3424479171875 0.6851851859375
1 0.1979166671875 0.840277778125 0.20833333281250002 0.9074074078125 0.23828125 0.865740740625 0.28515625 0.8726851859375 0.2981770828125 0.8819444437499999 0.3046875 0.8981481484374999 0.3138020828125 0.8981481484374999 0.3190104171875 0.8518518515625001 0.3411458328125 0.8171296296874999 0.33984375 0.6851851859375 0.3190104171875 0.634259259375 0.2565104171875 0.64351851875 0.20442708281250002 0.740740740625 0.20442708281250002 0.7569444437499999 0.21354166718749998 0.7708333328125 0.20052083281250002 0.8055555562500001 0.1979166671875 0.840277778125
1 0.5130208328125 0.2870370375 0.5065104171875 0.222222221875 0.4856770828125 0.21064814843750002 0.46875 0.22453703749999998 0.4609375 0.2546296296875 0.4609375 0.3171296296875 0.5091145828125 0.3101851859375 0.5130208328125 0.2870370375
2 0.5208333328125 0.21064814843750002 0.5208333328125 0.1875 0.5130208328125 0.1666666671875 0.5052083328125 0.18055555625 0.5052083328125 0.1990740734375 0.515625 0.2199074078125 0.5208333328125 0.21064814843750002
1 0.5638020828125 0.1365740734375 0.5559895828125 0.1226851859375 0.5299479171875 0.1296296296875 0.5234375 0.1574074078125 0.5286458328125 0.18055555625 0.5638020828125 0.16898148125 0.5638020828125 0.1365740734375
2 0.4973958328125 0.34722222187499996 0.4869791671875 0.3726851859375 0.4869791671875 0.42592592656250006 0.5013020828125 0.42592592656250006 0.5091145828125 0.3773148140625 0.4973958328125 0.34722222187499996
2 0.3606770828125 0.391203703125 0.3450520828125 0.3634259265625 0.3359375 0.40046296249999996 0.3333333328125 0.41898148125 0.3411458328125 0.4675925921875 0.3580729171875 0.4375 0.3606770828125 0.391203703125
2 0.4049479171875 0.3958333328125 0.4075520828125 0.34027777812500004 0.4010416671875 0.3148148140625 0.390625 0.33101851875 0.3880208328125 0.391203703125 0.3893229171875 0.4050925921875 0.3958333328125 0.40972222187499996 0.4049479171875 0.3958333328125
2 0.1536458328125 0.796296296875 0.1419270828125 0.73148148125 0.1380208328125 0.7430555562500001 0.1171875 0.759259259375 0.1171875 0.8495370375 0.1223958328125 0.8680555562500001 0.1419270828125 0.8449074078125 0.1536458328125 0.796296296875
5 0.5140625 0.75546875 0.125 0.4
5 0.6703125 0.69765625 0.13515625 0.4015625
5 0.59921875 0.27734375 0.078125 0.1953125
5 0.67578125 0.42421875 0.0984375 0.18671875
5 0.68828125 0.27265625 0.0734375 0.153125