2 0.3619791671875 0.5949074078125001 0.34765625 0.571759259375 0.3411458328125 0.546296296875 0.3255208328125 0.58101851875 0.32421875 0.608796296875 0.3385416671875 0.696759259375 0.3619791671875 0.6574074078125001 0.3619791671875 0.5949074078125001
2 0.3697916671875 0.5625 0.3645833328125 0.516203703125 0.3671875 0.490740740625 0.35546875 0.4675925921875 0.3489583328125 0.4675925921875 0.3424479171875 0.4861111109375 0.3463541671875 0.5555555562500001 0.3619791671875 0.5833333328125 0.3619791671875 0.571759259375 0.3697916671875 0.5625
2 0.3567708328125 0.3888888890625 0.3411458328125 0.3611111109375 0.3294270828125 0.3796296296875 0.3255208328125 0.41898148125 0.34375 0.4513888890625 0.3528645828125 0.4513888890625 0.3567708328125 0.3888888890625
2 0.3984375 0.40046296249999996 0.3893229171875 0.3865740734375 0.3815104171875 0.3865740734375 0.3697916671875 0.40277777812500004 0.37109375 0.4606481484375 0.3997395828125 0.4791666671875 0.4049479171875 0.43518518593750005 0.3984375 0.40046296249999996
2 0.44921875 0.3981481484375 0.4348958328125 0.3703703703125 0.4283854171875 0.375 0.4231770828125 0.3981481484375 0.4270833328125 0.47222222187499996 0.4388020828125 0.48842592656250006 0.4479166671875 0.4421296296875 0.44921875 0.3981481484375
2 0.2838541671875 0.4699074078125 0.2825520828125 0.40972222187499996 0.2682291671875 0.3773148140625 0.2578125 0.40277777812500004 0.2552083328125 0.44907407343749994 0.2591145828125 0.46527777812500004 0.2786458328125 0.48379629687500003 0.2838541671875 0.4699074078125
2 0.3177083328125 0.5138888890625 0.3190104171875 0.43981481406249995 0.3072916671875 0.4143518515625 0.3020833328125 0.4143518515625 0.2942708328125 0.44907407343749994 0.2955729171875 0.47453703750000004 0.3059895828125 0.5115740734374999 0.3177083328125 0.5138888890625
2 0.2747395828125 0.79398148125 0.2825520828125 0.7916666671875 0.2981770828125 0.7546296296875 0.2942708328125 0.6643518515625 0.3020833328125 0.652777778125 0.2877604171875 0.66898148125 0.2734375 0.6504629625 0.2708333328125 0.634259259375 0.2565104171875 0.6504629625 0.2513020828125 0.6759259265625001 0.2513020828125 0.79398148125 0.2643229171875 0.8148148140625 0.2747395828125 0.79398148125
2 0.1223958328125 0.6574074078125001 0.1223958328125 0.6180555562500001 0.109375 0.5555555562500001 0.08333333281250001 0.5069444437499999 0.07161458281250001 0.5115740734374999 0.05338541718749999 0.5694444437499999 0.06119791718749999 0.652777778125 0.109375 0.6388888890625 0.1145833328125 0.6550925921874999 0.1223958328125 0.6574074078125001
1 0.1575520828125 0.516203703125 0.22265625 0.509259259375 0.23567708281250002 0.49768518593750005 0.22916666718749998 0.4375 0.1966145828125 0.3726851859375 0.1731770828125 0.3518518515625 0.12890625 0.3634259265625 0.1223958328125 0.3773148140625 0.1223958328125 0.391203703125 0.1380208328125 0.41203703750000004 0.140625 0.45370370312499997 0.1575520828125 0.516203703125
2 0.08723958281250001 0.5046296296875 0.08463541718749999 0.43981481406249995 0.07161458281250001 0.40972222187499996 0.06119791718749999 0.4143518515625 0.0546875 0.43981481406249995 0.05989583281250001 0.5254629625 0.07421875 0.5046296296875 0.08723958281250001 0.5046296296875
2 0.1341145828125 0.4074074078125 0.1263020828125 0.3958333328125 0.1119791671875 0.43518518593750005 0.1106770828125 0.47453703750000004 0.1236979171875 0.527777778125 0.140625 0.5023148140625 0.1341145828125 0.4074074078125
1 0.1106770828125 0.40277777812500004 0.1223958328125 0.40277777812500004 0.1223958328125 0.3796296296875 0.1315104171875 0.3634259265625 0.1419270828125 0.3726851859375 0.1875 0.3634259265625 0.1783854171875 0.3518518515625 0.15625 0.3449074078125 0.1315104171875 0.30555555624999997 0.1119791671875 0.2893518515625 0.07421875 0.2893518515625 0.06640625 0.3078703703125 0.05598958281250001 0.3125 0.08333333281250001 0.391203703125 0.09375 0.3773148140625 0.1028645828125 0.3773148140625 0.1106770828125 0.40277777812500004
1 0.1067708328125 0.2824074078125 0.08984375 0.2615740734375 0.06640625 0.259259259375 0.0481770828125 0.2708333328125 0.0481770828125 0.3078703703125 0.05989583281250001 0.3078703703125 0.08854166718749999 0.2824074078125 0.1067708328125 0.2824074078125
1 0.04296875 0.30555555624999997 0.0481770828125 0.2476851859375 0.0403645828125 0.23148148124999998 0.0169270828125 0.22916666718749998 0 0.23379629687499998 0.0078125 0.27777777812500004 0.0208333328125 0.3009259265625 0.04296875 0.30555555624999997
1 0.78125 0.8796296296874999 0.8216145828125001 0.8865740734375 0.8307291671874999 0.8680555562500001 0.84375 0.8101851859375 0.8684895828125001 0.777777778125 0.8802083328125001 0.777777778125 0.8880208328125001 0.7569444437499999 0.8958333328125001 0.70601851875 0.89453125 0.6643518515625 0.8697916671874999 0.6365740734374999 0.84765625 0.625 0.7825520828125 0.6134259265625001 0.7721354171875 0.6203703703125 0.7356770828125 0.678240740625 0.7135416671875 0.7268518515625 0.7057291671875 0.7754629625 0.7044270828125 0.8194444437499999 0.7200520828125 0.840277778125 0.7330729171875 0.840277778125 0.78125 0.8796296296874999
1 0.5768229171875 0.8819444437499999 0.5598958328125 0.8680555562500001 0.48828125 0.847222221875 0.44140625 0.8703703703125001 0.3984375 0.98148148125 0.3932291671875 0.9976851859375 0.58203125 0.9976851859375 0.5885416671875 0.9166666671874999 0.5768229171875 0.8819444437499999
2 0.6549479171875 0.89351851875 0.6536458328125 0.8125 0.640625 0.8009259265625 0.6354166671875 0.777777778125 0.6263020828125 0.76851851875 0.62109375 0.7731481484375 0.6171875 0.8055555562500001 0.60546875 0.8379629625 0.609375 0.9583333328125001 0.6263020828125 0.98148148125 0.6458333328125 0.98148148125 0.6549479171875 0.89351851875
2 0.75390625 0.9976851859375 0.76171875 0.9745370375 0.7604166671875 0.902777778125 0.74609375 0.8819444437499999 0.7434895828125 0.8518518515625001 0.7330729171875 0.8449074078125 0.72265625 0.8518518515625001 0.7057291671875 0.9004629625 0.7044270828125 0.98148148125 0.7239583328125 0.983796296875 0.73046875 0.9976851859375 0.75390625 0.9976851859375
2 0.9921875 0.7013888890625 0.9830729171874999 0.641203703125 0.9752604171874999 0.641203703125 0.9479166671874999 0.6828703703125 0.9440104171874999 0.740740740625 0.9518229171874999 0.7986111109375 0.98828125 0.7523148140625 0.9921875 0.7013888890625
2 0.9075520828125001 0.5740740734374999 0.9270833328125001 0.571759259375 0.9348958328125001 0.5370370375 0.9192708328125001 0.48379629687500003 0.90234375 0.5023148140625 0.8997395828125001 0.5300925921874999 0.890625 0.5486111109375 0.89453125 0.5879629625 0.9075520828125001 0.5740740734374999