2 0.1419270828125 0.8148148140625 0.1510416671875 0.8171296296874999 0.1510416671875 0.6851851859375 0.1263020828125 0.6296296296875 0.1158854171875 0.6319444437499999 0.09765625 0.6875 0.1002604171875 0.7245370375 0.1184895828125 0.777777778125 0.1419270828125 0.8148148140625
2 0.078125 0.652777778125 0.08333333281250001 0.6666666671875 0.08203125 0.590277778125 0.07552083281250001 0.5694444437499999 0.06770833281250001 0.5694444437499999 0.05598958281250001 0.578703703125 0.05729166718749999 0.6365740734374999 0.06380208281250001 0.6504629625 0.078125 0.652777778125
2 0.1536458328125 0.5601851859375 0.1302083328125 0.5254629625 0.1184895828125 0.5648148140625 0.1223958328125 0.6180555562500001 0.1575520828125 0.678240740625 0.1614583328125 0.6111111109375 0.1536458328125 0.5601851859375
2 0.6080729171875 0.4768518515625 0.6197916671875 0.4583333328125 0.6171875 0.4236111109375 0.5885416671875 0.43518518593750005 0.5768229171875 0.4074074078125 0.5638020828125 0.40972222187499996 0.5559895828125 0.43518518593750005 0.5546875 0.46527777812500004 0.55859375 0.47222222187499996 0.5833333328125 0.46296296249999996 0.6080729171875 0.4768518515625
2 0.3020833328125 0.5625 0.3059895828125 0.5393518515625 0.2942708328125 0.44907407343749994 0.28125 0.4236111109375 0.2747395828125 0.4236111109375 0.2682291671875 0.4421296296875 0.2669270828125 0.5046296296875 0.2734375 0.534722221875 0.2825520828125 0.5509259265625001 0.3020833328125 0.5625
2 0.4661458328125 0.8958333328125001 0.48828125 0.9259259265625 0.4921875 0.9421296296874999 0.5130208328125 0.9629629625 0.5286458328125 0.9629629625 0.546875 0.9490740734375 0.5611979171875 0.8518518515625001 0.5442708328125 0.8171296296874999 0.5364583328125 0.8333333328125001 0.5221354171875 0.8379629625 0.5052083328125 0.8194444437499999 0.5052083328125 0.7986111109375 0.5 0.8055555562500001 0.4973958328125 0.7986111109375 0.4700520828125 0.796296296875 0.4518229171875 0.858796296875 0.43359375 0.89351851875 0.4322916671875 0.909722221875 0.4427083328125 0.9259259265625 0.4544270828125 0.91898148125 0.4661458328125 0.8958333328125001
2 0.6328125 0.95601851875 0.6302083328125 0.9236111109375 0.6028645828125 0.9050925921875 0.5846354171875 0.8055555562500001 0.5794270828125 0.7986111109375 0.56640625 0.803240740625 0.5546875 0.891203703125 0.55078125 0.946759259375 0.5598958328125 0.9930555562500001 0.6263020828125 0.9976851859375 0.6328125 0.95601851875
2 0.3216145828125 0.4050925921875 0.3177083328125 0.3981481484375 0.2981770828125 0.40277777812500004 0.29296875 0.4236111109375 0.2981770828125 0.4699074078125 0.3255208328125 0.490740740625 0.3307291671875 0.4513888890625 0.3216145828125 0.4050925921875
2 0.3802083328125 0.47222222187499996 0.3841145828125 0.41898148125 0.3763020828125 0.3726851859375 0.3645833328125 0.36805555624999997 0.3619791671875 0.3865740734375 0.3489583328125 0.4074074078125 0.3489583328125 0.446759259375 0.3802083328125 0.47222222187499996
2 0.9049479171874999 0.391203703125 0.8854166671874999 0.41898148125 0.8802083328125001 0.446759259375 0.87890625 0.49305555625 0.9036458328125001 0.49305555625 0.9114583328125001 0.42592592656250006 0.9049479171874999 0.391203703125
1 0.1848958328125 0.608796296875 0.1888020828125 0.597222221875 0.20052083281250002 0.597222221875 0.20442708281250002 0.608796296875 0.2552083328125 0.5925925921874999 0.2630208328125 0.58101851875 0.2630208328125 0.54398148125 0.2421875 0.4768518515625 0.23177083281250002 0.47222222187499996 0.203125 0.43055555625 0.1705729171875 0.42129629687500003 0.125 0.43518518593750005 0.1184895828125 0.4583333328125 0.1263020828125 0.49768518593750005 0.1731770828125 0.60648148125 0.1848958328125 0.608796296875
1 0.18359375 0.40972222187499996 0.1770833328125 0.375 0.1380208328125 0.3078703703125 0.1223958328125 0.3009259265625 0.09765625 0.30555555624999997 0.07942708281250001 0.3379629625 0.07942708281250001 0.3703703703125 0.0859375 0.39351851875 0.1145833328125 0.4375 0.18359375 0.40972222187499996
1 0.1015625 0.2986111109375 0.07291666718749999 0.2476851859375 0.0364583328125 0.25 0.0286458328125 0.2615740734375 0.0325520828125 0.3263888890625 0.0481770828125 0.34027777812500004 0.07552083281250001 0.34027777812500004 0.1015625 0.2986111109375
2 0.2682291671875 0.7129629625 0.2682291671875 0.696759259375 0.265625 0.66898148125 0.24739583281250002 0.60648148125 0.23958333281250002 0.6018518515625 0.22786458281250002 0.6759259265625001 0.2265625 0.7083333328125 0.23567708281250002 0.740740740625 0.25390625 0.7546296296875 0.2682291671875 0.7129629625