1 0.23567708281250002 0.49768518593750005 0.23697916718749998 0.4699074078125 0.23177083281250002 0.446759259375 0.1953125 0.3703703703125 0.1276041671875 0.3634259265625 0.12109375 0.3796296296875 0.12109375 0.40277777812500004 0.1588541671875 0.516203703125 0.22526041718749998 0.509259259375 0.23567708281250002 0.49768518593750005
2 0.7981770828125 0.83101851875 0.8177083328125001 0.821759259375 0.8450520828125001 0.8634259265625 0.8606770828125001 0.8425925921875 0.86328125 0.8055555562500001 0.8372395828125001 0.6736111109375 0.8307291671874999 0.671296296875 0.8125 0.7013888890625 0.8020833328125001 0.7013888890625 0.79296875 0.733796296875 0.7747395828125 0.7569444437499999 0.7760416671875 0.784722221875 0.7916666671875 0.7986111109375 0.7903645828125 0.8263888890625 0.7981770828125 0.83101851875
1 0.8424479171874999 0.678240740625 0.8450520828125001 0.7013888890625 0.8528645828125001 0.7083333328125 0.8619791671874999 0.6828703703125 0.9036458328125001 0.652777778125 0.9114583328125001 0.6550925921874999 0.9231770828125001 0.60648148125 0.9192708328125001 0.58101851875 0.91015625 0.5694444437499999 0.8671875 0.5416666671875 0.828125 0.5324074078125001 0.7955729171875 0.5648148140625 0.7734375 0.615740740625 0.7747395828125 0.6620370375 0.8151041671874999 0.6851851859375 0.8346354171874999 0.6666666671875 0.8424479171874999 0.678240740625
2 0.5260416671875 0.7129629625 0.52734375 0.6574074078125001 0.5091145828125 0.5833333328125 0.5013020828125 0.58101851875 0.4947916671875 0.60648148125 0.4791666671875 0.625 0.484375 0.6990740734374999 0.4908854171875 0.7129629625 0.5169270828125 0.733796296875 0.5260416671875 0.7129629625
2 0.3424479171875 0.891203703125 0.3880208328125 0.8726851859375 0.39453125 0.858796296875 0.40625 0.7870370375 0.37890625 0.7106481484375 0.3645833328125 0.7106481484375 0.3489583328125 0.7615740734374999 0.3346354171875 0.784722221875 0.3307291671875 0.8333333328125001 0.3138020828125 0.8819444437499999 0.3138020828125 0.91898148125 0.3268229171875 0.9259259265625 0.3346354171875 0.91898148125 0.3424479171875 0.891203703125
2 0.08723958281250001 0.5138888890625 0.0859375 0.4513888890625 0.07161458281250001 0.4143518515625 0.06640625 0.4143518515625 0.05598958281250001 0.43981481406249995 0.05989583281250001 0.51851851875 0.07682291718749999 0.5023148140625 0.08463541718749999 0.5023148140625 0.08723958281250001 0.5138888890625
1 0.08333333281250001 0.391203703125 0.09765625 0.3773148140625 0.10546875 0.38194444375000003 0.1080729171875 0.3958333328125 0.1184895828125 0.3958333328125 0.1236979171875 0.36805555624999997 0.16015625 0.3449074078125 0.1484375 0.3379629625 0.1354166671875 0.3101851859375 0.12109375 0.296296296875 0.1028645828125 0.28472222187499996 0.07161458281250001 0.2870370375 0.06119791718749999 0.3125 0.05208333281250001 0.30555555624999997 0.05208333281250001 0.321759259375 0.08333333281250001 0.391203703125
2 0.08333333281250001 0.641203703125 0.1002604171875 0.6296296296875 0.1080729171875 0.6296296296875 0.1171875 0.6550925921874999 0.1236979171875 0.652777778125 0.109375 0.5555555562500001 0.0859375 0.516203703125 0.07161458281250001 0.5138888890625 0.06640625 0.54398148125 0.0546875 0.5671296296875 0.05208333281250001 0.590277778125 0.06119791718749999 0.652777778125 0.08333333281250001 0.652777778125 0.08333333281250001 0.641203703125
2 0.2864583328125 0.51851851875 0.29296875 0.509259259375 0.3059895828125 0.5208333328125 0.3125 0.49768518593750005 0.3072916671875 0.46527777812500004 0.2942708328125 0.428240740625 0.2838541671875 0.4328703703125 0.28515625 0.4421296296875 0.2747395828125 0.46296296249999996 0.2799479171875 0.5023148140625 0.2864583328125 0.51851851875
2 0.484375 0.391203703125 0.4778645828125 0.391203703125 0.47265625 0.4074074078125 0.4622395828125 0.4143518515625 0.45703125 0.44444444375 0.4583333328125 0.47453703750000004 0.4973958328125 0.4953703703125 0.50390625 0.45370370312499997 0.484375 0.391203703125
2 0.3541666671875 0.527777778125 0.36328125 0.5115740734374999 0.3619791671875 0.46527777812500004 0.35546875 0.4236111109375 0.34375 0.4143518515625 0.3294270828125 0.4513888890625 0.3294270828125 0.4675925921875 0.3372395828125 0.509259259375 0.3541666671875 0.527777778125
2 0.6041666671875 0.4768518515625 0.6158854171875 0.4699074078125 0.6197916671875 0.4583333328125 0.6158854171875 0.4236111109375 0.5872395828125 0.42592592656250006 0.5794270828125 0.4074074078125 0.5625 0.4050925921875 0.5520833328125 0.4166666671875 0.5559895828125 0.4699074078125 0.578125 0.46296296249999996 0.6041666671875 0.4768518515625
2 0.6341145828125 0.733796296875 0.62890625 0.703703703125 0.6380208328125 0.6875 0.6328125 0.6481481484375 0.6106770828125 0.5925925921874999 0.6041666671875 0.5995370375 0.6041666671875 0.6180555562500001 0.5833333328125 0.6273148140625 0.5833333328125 0.703703703125 0.60546875 0.7430555562500001 0.6263020828125 0.7546296296875 0.6341145828125 0.733796296875
2 0.9700520828125001 0.79398148125 0.9856770828125001 0.7291666671875 0.9869791671874999 0.6805555562500001 0.9752604171874999 0.6643518515625 0.9661458328125001 0.6643518515625 0.9440104171874999 0.7106481484375 0.9361979171874999 0.7824074078125001 0.9427083328125001 0.828703703125 0.9479166671874999 0.828703703125 0.9700520828125001 0.79398148125