1 0.91796875 0.5856481484375 0.9244791671874999 0.5694444437499999 0.9466145828125001 0.553240740625 0.9583333328125001 0.5555555562500001 0.9661458328125001 0.527777778125 0.9674479171874999 0.49305555625 0.9583333328125001 0.45370370312499997 0.91796875 0.43518518593750005 0.8841145828125001 0.45601851875 0.8671875 0.4768518515625 0.84765625 0.51851851875 0.8489583328125001 0.5416666671875 0.875 0.5416666671875 0.8828125 0.5763888890625 0.91796875 0.5856481484375
1 0.15625 0.49305555625 0.1588541671875 0.51851851875 0.22526041718749998 0.509259259375 0.23697916718749998 0.4953703703125 0.23046875 0.43518518593750005 0.1979166671875 0.3726851859375 0.17578125 0.3518518515625 0.1588541671875 0.3541666671875 0.1536458328125 0.34722222187499996 0.125 0.36805555624999997 0.1184895828125 0.384259259375 0.125 0.4236111109375 0.1419270828125 0.47453703750000004 0.15625 0.49305555625
1 0.06770833281250001 0.384259259375 0.09375 0.4074074078125 0.09635416718749999 0.42129629687500003 0.1171875 0.4074074078125 0.1276041671875 0.3611111109375 0.16015625 0.3449074078125 0.1484375 0.34027777812500004 0.1432291671875 0.31944444375000003 0.1106770828125 0.28472222187499996 0.07161458281250001 0.2893518515625 0.06901041718749999 0.303240740625 0.05078125 0.3240740734375 0.06119791718749999 0.3379629625 0.06770833281250001 0.384259259375
1 0.05078125 0.2615740734375 0.0494791671875 0.2453703703125 0.0286458328125 0.22685185156249998 0.0026041671875 0.22685185156249998 0 0.296296296875 0.0052083328125 0.30555555624999997 0.0416666671875 0.303240740625 0.05078125 0.2615740734375
2 0 0.5509259265625001 0.010416667187500001 0.5486111109375 0.013020832812499999 0.5601851859375 0.0286458328125 0.5648148140625 0.0286458328125 0.5370370375 0.0390625 0.509259259375 0.0364583328125 0.47453703750000004 0.013020832812499999 0.4236111109375 0.0052083328125 0.43055555625 0 0.446759259375 0 0.5509259265625001
2 0.09375 0.534722221875 0.08854166718749999 0.45370370312499997 0.0703125 0.4166666671875 0.0625 0.41898148125 0.05598958281250001 0.4513888890625 0.05989583281250001 0.5393518515625 0.08463541718749999 0.5555555562500001 0.09375 0.534722221875
2 0.1380208328125 0.45370370312499997 0.1184895828125 0.4166666671875 0.1106770828125 0.41898148125 0.1041666671875 0.43981481406249995 0.1028645828125 0.46527777812500004 0.1119791671875 0.5324074078125001 0.1341145828125 0.5370370375 0.1380208328125 0.45370370312499997
2 0.2838541671875 0.4074074078125 0.2708333328125 0.38194444375000003 0.2552083328125 0.4074074078125 0.25390625 0.4236111109375 0.2669270828125 0.47453703750000004 0.2825520828125 0.4375 0.2838541671875 0.4074074078125
2 0.3020833328125 0.3611111109375 0.29296875 0.3703703703125 0.2890625 0.41203703750000004 0.3177083328125 0.4328703703125 0.3203125 0.3865740734375 0.3020833328125 0.3611111109375
2 0.1653645828125 0.2708333328125 0.1575520828125 0.2870370375 0.1575520828125 0.328703703125 0.1783854171875 0.3449074078125 0.1796875 0.296296296875 0.1653645828125 0.2708333328125
2 0.22786458281250002 0.2986111109375 0.22005208281250002 0.2893518515625 0.2109375 0.3101851859375 0.21614583281250002 0.358796296875 0.23046875 0.365740740625 0.23307291718749998 0.321759259375 0.22786458281250002 0.2986111109375
2 0.32421875 0.909722221875 0.3294270828125 0.9074074078125 0.3294270828125 0.8865740734375 0.3385416671875 0.8773148140625 0.3359375 0.8379629625 0.32421875 0.8055555562500001 0.3216145828125 0.7754629625 0.3255208328125 0.7523148140625 0.30859375 0.7083333328125 0.2981770828125 0.7129629625 0.2981770828125 0.7268518515625 0.2786458328125 0.7870370375 0.2825520828125 0.8773148140625 0.2994791671875 0.8773148140625 0.3190104171875 0.89351851875 0.32421875 0.909722221875
2 0.390625 0.6851851859375 0.4010416671875 0.6828703703125 0.4036458328125 0.6574074078125001 0.3828125 0.5949074078125001 0.3723958328125 0.597222221875 0.3619791671875 0.634259259375 0.3528645828125 0.6458333328125 0.3528645828125 0.766203703125 0.3580729171875 0.7430555562500001 0.3723958328125 0.7291666671875 0.390625 0.6851851859375
2 0.4700520828125 0.641203703125 0.4583333328125 0.6018518515625 0.4622395828125 0.5671296296875 0.4544270828125 0.534722221875 0.4479166671875 0.5370370375 0.4479166671875 0.5486111109375 0.4309895828125 0.5671296296875 0.4270833328125 0.58101851875 0.42578125 0.6203703703125 0.4322916671875 0.652777778125 0.4622395828125 0.6759259265625001 0.4700520828125 0.641203703125
2 0.5846354171875 0.715277778125 0.6015625 0.715277778125 0.6106770828125 0.6226851859375 0.5872395828125 0.5740740734374999 0.5546875 0.6851851859375 0.5481770828125 0.7546296296875 0.5520833328125 0.7824074078125001 0.5768229171875 0.7245370375 0.5846354171875 0.715277778125
2 0.68359375 0.5995370375 0.671875 0.5555555562500001 0.6783854171875 0.5324074078125001 0.6614583328125 0.5300925921874999 0.640625 0.5694444437499999 0.6302083328125 0.625 0.62890625 0.6828703703125 0.6380208328125 0.671296296875 0.6731770828125 0.66898148125 0.68359375 0.5995370375
2 0.7252604171875 0.6921296296875 0.7161458328125 0.6180555562500001 0.7057291671875 0.6180555562500001 0.6888020828125 0.6481481484375 0.6770833328125 0.6736111109375 0.6692708328125 0.7199074078125001 0.6666666671875 0.7731481484375 0.671875 0.784722221875 0.7161458328125 0.73148148125 0.7252604171875 0.6921296296875
2 0.5546875 0.8819444437499999 0.5625 0.8611111109375 0.57421875 0.8611111109375 0.6041666671875 0.821759259375 0.61328125 0.777777778125 0.61328125 0.7430555562500001 0.5989583328125 0.7199074078125001 0.58203125 0.7199074078125001 0.5625 0.7523148140625 0.5481770828125 0.8009259265625 0.5481770828125 0.840277778125 0.5403645828125 0.8796296296874999 0.5442708328125 0.8888888890625 0.5546875 0.8819444437499999
2 0.4856770828125 0.8958333328125001 0.4895833328125 0.7638888890625 0.4739583328125 0.7453703703125 0.4739583328125 0.7245370375 0.4661458328125 0.7175925921874999 0.44921875 0.766203703125 0.4453125 0.8726851859375 0.4635416671875 0.9259259265625 0.47265625 0.9004629625 0.4856770828125 0.8958333328125001
2 0.4361979171875 0.884259259375 0.4192708328125 0.865740740625 0.4153645828125 0.83101851875 0.4088541671875 0.8263888890625 0.3880208328125 0.8726851859375 0.3880208328125 0.9976851859375 0.4309895828125 0.9976851859375 0.4388020828125 0.9050925921875 0.4361979171875 0.884259259375
2 0.2669270828125 0.9143518515625001 0.2799479171875 0.875 0.2747395828125 0.8495370375 0.2552083328125 0.840277778125 0.2513020828125 0.8194444437499999 0.24348958281250002 0.8125 0.23567708281250002 0.8171296296874999 0.22135416718749998 0.8634259265625 0.23046875 0.95601851875 0.2421875 0.98148148125 0.26171875 0.9976851859375 0.2669270828125 0.9143518515625001
2 0.7682291671875 0.891203703125 0.7760416671875 0.8796296296874999 0.77734375 0.8611111109375 0.7916666671875 0.8425925921875 0.7994791671875 0.7986111109375 0.7994791671875 0.76851851875 0.7877604171875 0.7476851859375 0.7903645828125 0.7199074078125001 0.7825520828125 0.715277778125 0.7630208328125 0.740740740625 0.76171875 0.7754629625 0.7447916671875 0.7870370375 0.7369791671875 0.8055555562500001 0.7369791671875 0.8518518515625001 0.7513020828125 0.8703703703125001 0.75 0.8888888890625 0.7682291671875 0.891203703125
2 0.8763020828125001 0.7083333328125 0.8763020828125001 0.6828703703125 0.8697916671874999 0.652777778125 0.85546875 0.634259259375 0.8528645828125001 0.6134259265625001 0.8463541671874999 0.6111111109375 0.8359375 0.6296296296875 0.8268229171874999 0.6736111109375 0.8072916671874999 0.7083333328125 0.8072916671874999 0.7361111109375 0.81640625 0.7476851859375 0.8658854171874999 0.722222221875 0.8763020828125001 0.7083333328125
2 0.9309895828125001 0.8495370375 0.9583333328125001 0.7986111109375 0.9583333328125001 0.7291666671875 0.9466145828125001 0.7291666671875 0.94140625 0.7199074078125001 0.9427083328125001 0.696759259375 0.9388020828125001 0.6898148140625 0.9231770828125001 0.6944444437499999 0.91015625 0.7453703703125 0.8971354171874999 0.733796296875 0.8880208328125001 0.7453703703125 0.87890625 0.7824074078125001 0.8958333328125001 0.828703703125 0.90625 0.8263888890625 0.9309895828125001 0.8495370375
2 0.81640625 0.902777778125 0.8072916671874999 0.8958333328125001 0.8033854171874999 0.8796296296874999 0.8072916671874999 0.8611111109375 0.7994791671875 0.847222221875 0.7903645828125 0.8495370375 0.78515625 0.8819444437499999 0.76953125 0.9004629625 0.7669270828125 0.9421296296874999 0.7552083328125 0.9768518515625001 0.7552083328125 0.9976851859375 0.8098958328125001 0.9976851859375 0.8229166671874999 0.9305555562500001 0.81640625 0.902777778125
2 0.7356770828125 0.5231481484375 0.73828125 0.5138888890625 0.75 0.516203703125 0.7513020828125 0.527777778125 0.7552083328125 0.5231481484375 0.76171875 0.4861111109375 0.7486979171875 0.4421296296875 0.7408854171875 0.4421296296875 0.7239583328125 0.47453703750000004 0.71484375 0.5115740734374999 0.71875 0.5300925921874999 0.7122395828125 0.54398148125 0.7239583328125 0.5231481484375 0.7356770828125 0.5231481484375
2 0.2942708328125 0.5555555562500001 0.296875 0.5300925921874999 0.2903645828125 0.46527777812500004 0.2786458328125 0.46527777812500004 0.2708333328125 0.5069444437499999 0.2734375 0.5324074078125001 0.2864583328125 0.5578703703125 0.2942708328125 0.5555555562500001
2 0.8033854171874999 0.4143518515625 0.7903645828125 0.4166666671875 0.78125 0.45601851875 0.7747395828125 0.5069444437499999 0.7981770828125 0.5023148140625 0.80859375 0.45370370312499997 0.8033854171874999 0.4143518515625
2 0.8489583328125001 0.42129629687500003 0.83984375 0.42129629687500003 0.8359375 0.43981481406249995 0.82421875 0.45370370312499997 0.8138020828125001 0.49768518593750005 0.8138020828125001 0.527777778125 0.8463541671874999 0.5069444437499999 0.8567708328125001 0.4699074078125 0.8489583328125001 0.42129629687500003