1 0.5403645828125 0.9421296296874999 0.5520833328125 0.9351851859375 0.56640625 0.8958333328125001 0.6171875 0.840277778125 0.63671875 0.828703703125 0.6458333328125 0.8333333328125001 0.66015625 0.7870370375 0.6614583328125 0.7268518515625 0.63671875 0.671296296875 0.5963541671875 0.6458333328125 0.5807291671875 0.6504629625 0.5325520828125 0.6828703703125 0.4934895828125 0.7291666671875 0.4869791671875 0.75 0.4622395828125 0.784722221875 0.4518229171875 0.8194444437499999 0.4505208328125 0.8865740734375 0.4596354171875 0.9004629625 0.4986979171875 0.9375 0.5403645828125 0.9421296296874999
1 0.7278645828125 0.6851851859375 0.7473958328125 0.671296296875 0.7604166671875 0.6481481484375 0.7786458328125 0.641203703125 0.8138020828125001 0.5625 0.83984375 0.5601851859375 0.8463541671874999 0.5740740734374999 0.8450520828125001 0.5925925921874999 0.8489583328125001 0.5648148140625 0.8463541671874999 0.49305555625 0.8177083328125001 0.4675925921875 0.7838541671875 0.4583333328125 0.69140625 0.4953703703125 0.63671875 0.6111111109375 0.6354166671875 0.6365740734374999 0.6458333328125 0.6643518515625 0.6953125 0.6875 0.7278645828125 0.6851851859375
1 0.1588541671875 0.51851851875 0.22786458281250002 0.509259259375 0.23697916718749998 0.49768518593750005 0.23046875 0.43518518593750005 0.1979166671875 0.3726851859375 0.1328125 0.3611111109375 0.1223958328125 0.375 0.1197916671875 0.3958333328125 0.1276041671875 0.41898148125 0.1471354171875 0.446759259375 0.1588541671875 0.51851851875
1 0.0481770828125 0.34027777812500004 0.05729166718749999 0.34027777812500004 0.078125 0.3796296296875 0.08723958281250001 0.3726851859375 0.1158854171875 0.40046296249999996 0.1223958328125 0.3958333328125 0.1236979171875 0.36805555624999997 0.1588541671875 0.34722222187499996 0.13671875 0.3101851859375 0.1145833328125 0.2893518515625 0.0703125 0.2870370375 0.06901041718749999 0.3009259265625 0.06119791718749999 0.3101851859375 0.0481770828125 0.3009259265625 0.0481770828125 0.34027777812500004
2 0.3268229171875 0.5555555562500001 0.3255208328125 0.546296296875 0.3177083328125 0.5486111109375 0.3020833328125 0.5300925921874999 0.2955729171875 0.5300925921874999 0.28515625 0.5555555562500001 0.2903645828125 0.659722221875 0.2994791671875 0.6759259265625001 0.3203125 0.6388888890625 0.3268229171875 0.5555555562500001
2 0.4869791671875 0.7268518515625 0.53125 0.6805555562500001 0.53515625 0.641203703125 0.52734375 0.634259259375 0.5169270828125 0.597222221875 0.50390625 0.5949074078125001 0.48046875 0.6388888890625 0.4752604171875 0.6828703703125 0.4622395828125 0.7129629625 0.4635416671875 0.7453703703125 0.4739583328125 0.7523148140625 0.4830729171875 0.7453703703125 0.4869791671875 0.7268518515625
2 0.6380208328125 0.5300925921874999 0.6263020828125 0.48842592656250006 0.609375 0.49768518593750005 0.5833333328125 0.5694444437499999 0.5807291671875 0.5995370375 0.5846354171875 0.60648148125 0.6302083328125 0.578703703125 0.6380208328125 0.5300925921874999
2 0.3294270828125 0.553240740625 0.3294270828125 0.4861111109375 0.3177083328125 0.45370370312499997 0.30859375 0.45370370312499997 0.3020833328125 0.4791666671875 0.3033854171875 0.5231481484375 0.3138020828125 0.546296296875 0.3294270828125 0.553240740625
2 0.3958333328125 0.527777778125 0.3919270828125 0.45370370312499997 0.3828125 0.428240740625 0.3736979171875 0.428240740625 0.3645833328125 0.4675925921875 0.3645833328125 0.5046296296875 0.3723958328125 0.5254629625 0.3919270828125 0.5486111109375 0.3958333328125 0.527777778125
2 0.4596354171875 0.41898148125 0.4440104171875 0.3796296296875 0.4388020828125 0.3796296296875 0.4244791671875 0.41203703750000004 0.4231770828125 0.428240740625 0.4361979171875 0.49305555625 0.4557291671875 0.4513888890625 0.4596354171875 0.41898148125
2 0.2864583328125 0.3888888890625 0.2747395828125 0.36805555624999997 0.2578125 0.3865740734375 0.2669270828125 0.4583333328125 0.2825520828125 0.46527777812500004 0.2890625 0.446759259375 0.2864583328125 0.3888888890625
2 0.25 0.34027777812500004 0.23958333281250002 0.31944444375000003 0.234375 0.31944444375000003 0.22786458281250002 0.3379629625 0.23046875 0.3865740734375 0.2421875 0.39351851875 0.2513020828125 0.3726851859375 0.25 0.34027777812500004
2 0.2981770828125 0.39351851875 0.296875 0.34027777812500004 0.2825520828125 0.3125 0.26953125 0.3425925921875 0.2760416671875 0.3703703703125 0.2942708328125 0.40277777812500004 0.2981770828125 0.39351851875
2 0.16796875 0.266203703125 0.1614583328125 0.28472222187499996 0.1614583328125 0.31944444375000003 0.1770833328125 0.328703703125 0.17578125 0.27777777812500004 0.16796875 0.266203703125
2 0 0.553240740625 0.0169270828125 0.5578703703125 0.0286458328125 0.571759259375 0.0325520828125 0.5694444437499999 0.0364583328125 0.47453703750000004 0.013020832812499999 0.428240740625 0.0052083328125 0.43055555625 0 0.446759259375 0 0.553240740625
2 0.0481770828125 0.375 0.046875 0.40277777812500004 0.06380208281250001 0.4050925921875 0.05729166718749999 0.3773148140625 0.0481770828125 0.375
2 0.09114583281250001 0.5370370375 0.09114583281250001 0.516203703125 0.08333333281250001 0.4421296296875 0.06770833281250001 0.4074074078125 0.0481770828125 0.43055555625 0.046875 0.46527777812500004 0.06119791718749999 0.5324074078125001 0.08463541718749999 0.5486111109375 0.09114583281250001 0.5370370375
2 0.1223958328125 0.534722221875 0.1419270828125 0.546296296875 0.1432291671875 0.47222222187499996 0.1393229171875 0.4513888890625 0.1263020828125 0.41898148125 0.1184895828125 0.41203703750000004 0.1067708328125 0.41898148125 0.1106770828125 0.4513888890625 0.1067708328125 0.4768518515625 0.1145833328125 0.516203703125 0.1223958328125 0.534722221875
2 0.8177083328125001 0.9236111109375 0.828125 0.902777778125 0.8489583328125001 0.884259259375 0.86328125 0.784722221875 0.8515625 0.766203703125 0.8489583328125001 0.733796296875 0.8424479171874999 0.7245370375 0.8372395828125001 0.7245370375 0.8138020828125001 0.7754629625 0.8203125 0.8078703703125001 0.80859375 0.8726851859375 0.8138020828125001 0.9236111109375 0.8177083328125001 0.9236111109375
2 0.9088541671874999 0.9513888890625 0.921875 0.9675925921875 0.9388020828125001 0.9675925921875 0.9505208328125001 0.8703703703125001 0.9622395828125001 0.85648148125 0.9427083328125001 0.766203703125 0.9361979171874999 0.7569444437499999 0.921875 0.7615740734374999 0.91796875 0.7870370375 0.90625 0.803240740625 0.9049479171874999 0.8356481484374999 0.8880208328125001 0.9143518515625001 0.890625 0.9583333328125001 0.9088541671874999 0.9513888890625
2 0.9427083328125001 0.7638888890625 0.9466145828125001 0.777777778125 0.9557291671874999 0.777777778125 0.9635416671874999 0.7546296296875 0.9700520828125001 0.7013888890625 0.9674479171874999 0.6458333328125 0.9583333328125001 0.641203703125 0.94921875 0.659722221875 0.93359375 0.6643518515625 0.9205729171874999 0.7106481484375 0.9244791671874999 0.733796296875 0.9192708328125001 0.7708333328125 0.93359375 0.759259259375 0.9427083328125001 0.7638888890625
2 0.9153645828125001 0.7106481484375 0.9075520828125001 0.696759259375 0.9036458328125001 0.6620370375 0.8932291671874999 0.6574074078125001 0.8815104171874999 0.6666666671875 0.8645833328125001 0.7245370375 0.8606770828125001 0.7569444437499999 0.8802083328125001 0.8055555562500001 0.8880208328125001 0.8101851859375 0.9153645828125001 0.7106481484375
2 0.9765625 0.384259259375 0.9674479171874999 0.3773148140625 0.94921875 0.3981481484375 0.9466145828125001 0.45601851875 0.9674479171874999 0.446759259375 0.9791666671874999 0.4166666671875 0.9765625 0.384259259375
2 0.0299479171875 0.3148148140625 0.0169270828125 0.2893518515625 0.0078125 0.2893518515625 0.0078125 0.3333333328125 0.0169270828125 0.358796296875 0.0247395828125 0.35648148125 0.0299479171875 0.3148148140625