2 0.55125 0.6266666671875 0.54 0.5933333328125 0.5325 0.5911111109375 0.5237499999999999 0.622222221875 0.53125 0.6799999999999999 0.54375 0.70444444375 0.55125 0.6266666671875
1 0.66125 0.6266666671875 0.6525000000000001 0.577777778125 0.63125 0.5333333328125 0.6212500000000001 0.522222221875 0.5962500000000001 0.522222221875 0.585 0.5266666671875 0.58125 0.54 0.58 0.617777778125 0.595 0.6711111109375001 0.6599999999999999 0.66444444375 0.66125 0.6266666671875
1 0.7474999999999999 0.6888888890625 0.765 0.6711111109375001 0.8 0.6799999999999999 0.8087500000000001 0.657777778125 0.80625 0.6044444437500001 0.7787499999999999 0.5555555562500001 0.725 0.5511111109375 0.69875 0.57555555625 0.70125 0.637777778125 0.7262500000000001 0.662222221875 0.73625 0.6888888890625 0.7474999999999999 0.6888888890625
2 0.5237499999999999 0.5133333328125 0.51375 0.5355555562500001 0.51125 0.5911111109375 0.52625 0.6 0.5337500000000001 0.5688888890625 0.5237499999999999 0.5133333328125
1 0.58125 0.5288888890625 0.58 0.48 0.56875 0.4533333328125 0.55625 0.442222221875 0.54 0.44444444375 0.53 0.45999999999999996 0.5287499999999999 0.50444444375 0.5349999999999999 0.5355555562500001 0.545 0.542222221875 0.58125 0.5288888890625
1 0.865 0.9688888890625 0.835 0.9044444437499999 0.78625 0.82 0.7675 0.8 0.73375 0.7977777781250001 0.7075 0.8066666671875 0.68875 0.8577777781249999 0.68875 0.9511111109374999 0.6950000000000001 0.9977777781249999 0.8675 0.9977777781249999 0.865 0.9688888890625
2 0.50125 0.6533333328125 0.50125 0.622222221875 0.49749999999999994 0.6133333328125 0.48250000000000004 0.617777778125 0.48125 0.6533333328125 0.48624999999999996 0.6777777781250001 0.49375 0.68444444375 0.50125 0.6533333328125
2 0.4375 0.9977777781249999 0.44749999999999995 0.9977777781249999 0.45 0.9711111109375 0.45999999999999996 0.942222221875 0.4625 0.8800000000000001 0.4425 0.8222222218749999 0.43125 0.82444444375 0.43 0.8933333328125 0.4225 0.9511111109374999 0.4375 0.9740740734375001 0.4375 0.9977777781249999
2 0.89625 0.8311111109375 0.9112500000000001 0.86 0.9199999999999999 0.8577777781249999 0.92875 0.8355555562499999 0.92875 0.8 0.9199999999999999 0.7755555562499999 0.925 0.7466666671875 0.9199999999999999 0.71555555625 0.9075 0.7088888890625 0.9037499999999999 0.6888888890625 0.89375 0.6777777781250001 0.8887499999999999 0.6799999999999999 0.8825 0.7111111109375 0.86 0.7111111109375 0.86 0.7488888890625 0.875 0.79555555625 0.87625 0.8177777781250001 0.89625 0.8311111109375
2 0.8387499999999999 0.5666666671875 0.8324999999999999 0.562222221875 0.82125 0.577777778125 0.81375 0.6044444437500001 0.81375 0.637777778125 0.8375 0.6666666671875 0.84375 0.6466666671875 0.8387499999999999 0.5666666671875
1 0.6537499999999999 0.45999999999999996 0.6425 0.42222222187499997 0.61 0.41777777812499994 0.5974999999999999 0.43777777812499996 0.5962500000000001 0.47555555624999996 0.60875 0.4933333328125 0.6525000000000001 0.4933333328125 0.6537499999999999 0.45999999999999996