2 0.51 0.68444444375 0.5037499999999999 0.6888888890625 0.49749999999999994 0.7133333328125 0.495 0.74 0.5125 0.8288888890624999 0.5237499999999999 0.73555555625 0.51 0.68444444375
2 0.58 0.722222221875 0.58 0.6666666671875 0.57125 0.637777778125 0.5599999999999999 0.642222221875 0.55625 0.6533333328125 0.55625 0.71555555625 0.5662499999999999 0.7488888890625 0.57375 0.7533333328125 0.58 0.722222221875
1 0.63 0.59555555625 0.62375 0.56444444375 0.61 0.5333333328125 0.57625 0.5333333328125 0.5675 0.5599999999999999 0.5675 0.6044444437500001 0.57875 0.637777778125 0.6287499999999999 0.6311111109375 0.63 0.59555555625
1 0.5925 0.51555555625 0.5875 0.4911111109375 0.57375 0.46444444375 0.54875 0.46444444375 0.54 0.47555555624999996 0.5387500000000001 0.52444444375 0.55625 0.5488888890625 0.5650000000000001 0.5488888890625 0.5925 0.51555555625
1 0.83125 0.8311111109375 0.845 0.85555555625 0.8574999999999999 0.8488888890625 0.85875 0.837777778125 0.8724999999999999 0.8266666671875 0.8825 0.8511111109374999 0.8975 0.85555555625 0.91375 0.85555555625 0.9375 0.8355555562499999 0.9337500000000001 0.7733333328125 0.9012499999999999 0.71555555625 0.87625 0.6866666671874999 0.8324999999999999 0.6866666671874999 0.7925 0.6977777781250001 0.7837500000000001 0.7088888890625 0.7825 0.737777778125 0.79625 0.7311111109375 0.80375 0.737777778125 0.83125 0.8311111109375
1 0.94375 0.8088888890625 0.99875 0.802222221875 0.99875 0.6977777781250001 0.9887499999999999 0.682222221875 0.9324999999999999 0.6466666671875 0.85625 0.6733333328125 0.85625 0.6799999999999999 0.8887499999999999 0.69555555625 0.9175000000000001 0.73555555625 0.94375 0.8088888890625
1 0.5575 0.44000000000000006 0.545 0.40444444375 0.5237499999999999 0.4 0.51875 0.4066666671875 0.51375 0.43333333281249997 0.52 0.46666666718750005 0.55625 0.457777778125 0.5575 0.44000000000000006
5 0.74 0.6088888890625 0.755 0.5711111109375 0.75625 0.4933333328125 0.74875 0.4711111109375 0.7025 0.44666666718750003 0.665 0.4533333328125 0.6625 0.462222221875 0.6575 0.5288888890625 0.6625 0.5733333328125 0.68875 0.61555555625 0.74 0.6088888890625
5 0.79125 0.637777778125 0.8099999999999999 0.64 0.8237500000000001 0.6777777781250001 0.83375 0.67555555625 0.8412499999999999 0.657777778125 0.87625 0.6533333328125 0.9 0.637777778125 0.9037499999999999 0.622222221875 0.9012499999999999 0.5866666671874999 0.86 0.5533333328125 0.85 0.51555555625 0.8425 0.5066666671875 0.7825 0.5111111109375 0.7737499999999999 0.5466666671875 0.7737499999999999 0.59555555625 0.78125 0.6066666671875 0.78125 0.6244444437500001 0.79125 0.637777778125
2 0.74875 0.78 0.74375 0.722222221875 0.73625 0.7244444437500001 0.7262500000000001 0.7511111109375 0.72375 0.782222221875 0.74 0.81555555625 0.7462500000000001 0.81555555625 0.74875 0.78
2 0.54 0.9466666671875 0.54375 0.9400000000000001 0.5275000000000001 0.877777778125 0.52 0.8711111109375 0.51375 0.882222221875 0.505 0.9311111109375 0.51125 0.9977777781249999 0.54125 0.9977777781249999 0.54 0.9466666671875
2 0.5912499999999999 0.9666666671874999 0.5974999999999999 0.9466666671875 0.5974999999999999 0.8533333328125 0.57625 0.8 0.5599999999999999 0.8400000000000001 0.5575 0.8644444437500001 0.5662499999999999 0.9333333328125001 0.5725 0.9511111109374999 0.5912499999999999 0.9666666671874999
2 0.665 0.9088888890625 0.65625 0.922222221875 0.6587500000000001 0.9977777781249999 0.6799999999999999 0.9977777781249999 0.67375 0.9133333328125 0.665 0.9088888890625