1 0.65 0.882222221875 0.73875 0.8666666671875 0.74375 0.8577777781249999 0.74375 0.7977777781250001 0.7212500000000001 0.7288888890624999 0.6637500000000001 0.63555555625 0.6224999999999999 0.642222221875 0.60875 0.6888888890625 0.6075 0.74 0.6125 0.782222221875 0.63125 0.82 0.65 0.882222221875
2 0.51875 0.657777778125 0.5175 0.6777777781250001 0.53125 0.7111111109375 0.5337500000000001 0.657777778125 0.51875 0.657777778125
1 0.6012500000000001 0.7022222218749999 0.6075 0.7022222218749999 0.61 0.6733333328125 0.61875 0.6488888890625 0.6525000000000001 0.6333333328124999 0.64 0.5933333328125 0.62625 0.577777778125 0.5900000000000001 0.58444444375 0.58 0.6 0.58 0.6533333328125 0.59375 0.67555555625 0.595 0.6933333328125 0.6012500000000001 0.7022222218749999
2 0.80375 0.82 0.8099999999999999 0.82 0.8225 0.7488888890625 0.8 0.7311111109375 0.8012499999999999 0.7511111109375 0.79375 0.7666666671875 0.7837500000000001 0.8444444437499999 0.78625 0.8533333328125 0.79875 0.8400000000000001 0.80375 0.82
1 0.88375 0.782222221875 0.89875 0.762222221875 0.9012499999999999 0.71555555625 0.89125 0.67555555625 0.8825 0.657777778125 0.84375 0.62 0.79625 0.62 0.755 0.64 0.7537499999999999 0.70444444375 0.7625 0.7266666671875 0.8300000000000001 0.782222221875 0.88375 0.782222221875
1 0.7125 0.6 0.73875 0.6044444437500001 0.7462500000000001 0.5888888890625 0.74 0.5311111109375 0.72 0.502222221875 0.6775 0.502222221875 0.6637500000000001 0.5177777781249999 0.6599999999999999 0.5333333328125 0.6599999999999999 0.57555555625 0.6775 0.5888888890625 0.6875 0.6111111109375 0.7125 0.6
1 0.6075 0.5711111109375 0.6075 0.54 0.595 0.502222221875 0.5700000000000001 0.49555555625 0.5525 0.5133333328125 0.5525 0.5555555562500001 0.5650000000000001 0.5888888890625 0.58 0.5911111109375 0.6075 0.5711111109375
2 0.5125 0.8222222218749999 0.5075000000000001 0.7533333328125 0.49749999999999994 0.7133333328125 0.49124999999999996 0.717777778125 0.485 0.74 0.48624999999999996 0.8400000000000001 0.49000000000000005 0.8577777781249999 0.50125 0.86 0.5125 0.8222222218749999
2 0.5587500000000001 0.76 0.5525 0.7488888890625 0.5375 0.7488888890625 0.5349999999999999 0.8044444437499999 0.55375 0.85555555625 0.5599999999999999 0.8111111109375001 0.5587500000000001 0.76
2 0.6012500000000001 0.9466666671875 0.595 0.8666666671875 0.59875 0.86 0.58 0.8644444437500001 0.57875 0.8711111109375 0.57125 0.9266666671875001 0.58 0.9577777781249999 0.5974999999999999 0.982222221875 0.6012500000000001 0.9466666671875
2 0.48875 0.6777777781250001 0.485 0.6711111109375001 0.47375 0.67555555625 0.4725 0.71555555625 0.48 0.7488888890625 0.49000000000000005 0.70444444375 0.48875 0.6777777781250001