1 0.72375 0.8577777781249999 0.73375 0.8422222218750001 0.735 0.802222221875 0.7212500000000001 0.7311111109375 0.6912499999999999 0.6911111109375 0.6799999999999999 0.6777777781250001 0.65625 0.67555555625 0.6287499999999999 0.6777777781250001 0.6125 0.69555555625 0.61125 0.75555555625 0.6375 0.82444444375 0.6425 0.85555555625 0.72375 0.8577777781249999
1 0.63625 0.6066666671875 0.61 0.542222221875 0.5725 0.5466666671875 0.5625 0.56444444375 0.56125 0.6088888890625 0.57875 0.662222221875 0.6375 0.6488888890625 0.63625 0.6066666671875
1 0.775 0.662222221875 0.7787499999999999 0.6533333328125 0.7787499999999999 0.6111111109375 0.76375 0.5711111109375 0.75125 0.5555555562500001 0.71 0.557777778125 0.68875 0.5911111109375 0.68875 0.62 0.7212500000000001 0.6666666671875 0.75 0.657777778125 0.775 0.662222221875
1 0 0 0 0.9977777781249999 0.22125 0.9977777781249999 0.24874999999999997 0.8711111109375 0.29500000000000004 0.717777778125 0.3 0.6888888890625 0.27999999999999997 0.5288888890625 0.27875 0.48444444375 0.2725 0.48 0.27125 0.462222221875 0.27125 0.34444444375 0.265 0.342222221875 0.24125000000000002 0.0488888890625 0.23374999999999999 0.042222221875 0.2325 0 0.17250000000000001 0 0.16125 0.0111111109375 0.09875 0 0 0
1 0.8887499999999999 0.7533333328125 0.90625 0.742222221875 0.915 0.7511111109375 0.9175000000000001 0.7688888890625 0.9349999999999999 0.7888888890625 0.9400000000000001 0.837777778125 0.975 0.8333333328125001 0.98125 0.8222222218749999 0.97875 0.76444444375 0.94375 0.70444444375 0.925 0.68444444375 0.9099999999999999 0.67555555625 0.8425 0.682222221875 0.82125 0.6933333328125 0.8162499999999999 0.7088888890625 0.8150000000000001 0.737777778125 0.8225 0.762222221875 0.8724999999999999 0.8044444437499999 0.8887499999999999 0.7533333328125
1 0.7125 0.5466666671875 0.7112499999999999 0.5333333328125 0.6925 0.49555555625 0.6599999999999999 0.49555555625 0.64125 0.51555555625 0.6425 0.5511111109375 0.66125 0.58 0.6912499999999999 0.57555555625 0.7125 0.5466666671875
1 0.8462500000000001 0.62 0.8574999999999999 0.6044444437500001 0.8550000000000001 0.5133333328125 0.8425 0.48666666718749996 0.80625 0.46666666718750005 0.7675 0.46666666718750005 0.75625 0.4711111109375 0.7424999999999999 0.5111111109375 0.74125 0.54 0.7775000000000001 0.57555555625 0.7849999999999999 0.6288888890625 0.8462500000000001 0.62
2 0.54375 0.9977777781249999 0.55625 0.9977777781249999 0.5587500000000001 0.96444444375 0.5650000000000001 0.9488888890625 0.56125 0.8577777781249999 0.54625 0.82 0.54 0.8222222218749999 0.53 0.85555555625 0.52625 0.877777778125 0.5337500000000001 0.9088888890625 0.54 0.98444444375 0.54375 0.9977777781249999
2 0.585 0.91555555625 0.5912499999999999 0.8933333328125 0.58875 0.7977777781250001 0.57375 0.7488888890625 0.5662499999999999 0.7533333328125 0.5662499999999999 0.7688888890625 0.5599999999999999 0.782222221875 0.5575 0.8177777781250001 0.56125 0.8422222218750001 0.5700000000000001 0.882222221875 0.585 0.91555555625
2 0.50125 0.62 0.49000000000000005 0.5866666671874999 0.48125 0.602222221875 0.48 0.6599999999999999 0.49375 0.6911111109375 0.50125 0.6688888890625 0.50125 0.62
2 0.54 0.7977777781250001 0.5337500000000001 0.74 0.53625 0.7088888890625 0.5225 0.6733333328125 0.51 0.7066666671874999 0.51 0.7866666671875 0.5275000000000001 0.8177777781250001 0.53125 0.8 0.54 0.7977777781250001