2 0.5075000000000001 0.7466666671875 0.49000000000000005 0.742222221875 0.48624999999999996 0.762222221875 0.48875 0.8066666671875 0.50125 0.8288888890624999 0.51375 0.7866666671875 0.5075000000000001 0.7466666671875
2 0.5575 0.9977777781249999 0.5599999999999999 0.9111111109375001 0.55625 0.88444444375 0.56125 0.8800000000000001 0.5599999999999999 0.8666666671875 0.545 0.8133333328125 0.5349999999999999 0.8133333328125 0.52625 0.8488888890625 0.5275000000000001 0.922222221875 0.54 0.9688888890625 0.5525 0.9977777781249999 0.5575 0.9977777781249999
2 0.53125 0.757777778125 0.5275000000000001 0.76444444375 0.5287499999999999 0.8066666671875 0.5475 0.8088888890625 0.5475 0.76 0.53125 0.757777778125
2 0.6 0.76444444375 0.58875 0.7333333328125 0.57875 0.73555555625 0.5725 0.7511111109375 0.5700000000000001 0.78444444375 0.58 0.8044444437499999 0.59875 0.777777778125 0.6 0.76444444375
2 0.6537499999999999 0.837777778125 0.65125 0.7933333328125001 0.63625 0.7888888890625 0.63125 0.8044444437499999 0.63125 0.8444444437499999 0.645 0.8800000000000001 0.65 0.8800000000000001 0.6537499999999999 0.837777778125
2 0.72375 0.98444444375 0.7262500000000001 0.9977777781249999 0.74125 0.9977777781249999 0.7474999999999999 0.88444444375 0.73125 0.8222222218749999 0.72 0.81555555625 0.70375 0.8644444437500001 0.7 0.93555555625 0.705 0.9666666671874999 0.7125 0.982222221875 0.72375 0.98444444375
2 0.71875 0.70444444375 0.70375 0.70444444375 0.69625 0.7311111109375 0.69375 0.7688888890625 0.7162499999999999 0.7933333328125001 0.72375 0.7711111109375001 0.71875 0.70444444375
2 0.87375 0.982222221875 0.8800000000000001 0.982222221875 0.8825 0.9511111109374999 0.87625 0.8466666671875 0.85625 0.81555555625 0.85375 0.7911111109375 0.845 0.7911111109375 0.828125 0.8222222218749999 0.82 0.82444444375 0.8162499999999999 0.8733333328124999 0.825 0.91555555625 0.8637499999999999 0.96 0.87375 0.982222221875
2 0.51125 0.6733333328125 0.5125 0.6111111109375 0.5025000000000001 0.5866666671874999 0.4925 0.5933333328125 0.4875 0.62 0.50125 0.6866666671874999 0.50625 0.6866666671874999 0.51125 0.6733333328125
1 0.65125 0.577777778125 0.63125 0.5288888890625 0.615 0.5111111109375 0.5912499999999999 0.5111111109375 0.58125 0.52 0.575 0.542222221875 0.57875 0.602222221875 0.5912499999999999 0.6266666671875 0.65125 0.6333333328124999 0.65125 0.577777778125
1 0.5599999999999999 0.4533333328125 0.55625 0.41555555625 0.545 0.3933333328125 0.5225 0.3933333328125 0.51 0.42222222187499997 0.51 0.4511111109375 0.5225 0.46444444375 0.5525 0.462222221875 0.5599999999999999 0.4533333328125
1 0.73375 0.5533333328125 0.7150000000000001 0.5111111109375 0.6925 0.5 0.66125 0.5266666671875 0.6625 0.5688888890625 0.6837500000000001 0.602222221875 0.735 0.5911111109375 0.73375 0.5533333328125