1 0.60375 0.6111111109375 0.635 0.6111111109375 0.63875 0.597777778125 0.635 0.56444444375 0.6287499999999999 0.5333333328125 0.61375 0.502222221875 0.6025 0.4888888890625 0.58 0.4888888890625 0.57125 0.5 0.5675 0.522222221875 0.5675 0.56444444375 0.575 0.58444444375 0.5875 0.57555555625 0.60375 0.6111111109375
1 0.7025 0.8711111109375 0.72 0.9066666671875 0.775 0.89555555625 0.7825 0.8866666671875001 0.7837500000000001 0.8466666671875 0.76625 0.7466666671875 0.7162499999999999 0.6733333328125 0.69625 0.66444444375 0.6637500000000001 0.6711111109375001 0.65625 0.682222221875 0.65 0.7311111109375 0.65 0.802222221875 0.66625 0.82444444375 0.6849999999999999 0.8733333328124999 0.7025 0.8711111109375
1 0.5725 0.4933333328125 0.5862499999999999 0.482222221875 0.5775 0.44666666718750003 0.5625 0.4311111109375 0.5387500000000001 0.43777777812499996 0.5337500000000001 0.457777778125 0.5325 0.48 0.54625 0.5177777781249999 0.5625 0.51555555625 0.5725 0.4933333328125
1 0.81125 0.6288888890625 0.8175000000000001 0.642222221875 0.8412499999999999 0.64 0.85 0.617777778125 0.8525 0.6066666671875 0.845 0.5466666671875 0.7875 0.52 0.7625 0.5311111109375 0.7375 0.5555555562500001 0.75 0.6111111109375 0.7775000000000001 0.6311111109375 0.81125 0.6288888890625
1 0.6849999999999999 0.542222221875 0.6849999999999999 0.522222221875 0.6925 0.5088888890625001 0.6837500000000001 0.46666666718750005 0.66875 0.45555555625000005 0.64125 0.45999999999999996 0.62625 0.48666666718749996 0.62625 0.52 0.6475 0.5533333328125 0.6849999999999999 0.542222221875
2 0.68125 0.9977777781249999 0.7212500000000001 0.9977777781249999 0.71375 0.91555555625 0.7 0.8666666671875 0.69625 0.86 0.68625 0.8666666671875 0.67375 0.9133333328125 0.67375 0.96444444375 0.67875 0.9888888890624999 0.68125 0.9977777781249999
2 0.5287499999999999 0.9800000000000001 0.5375 0.9977777781249999 0.55625 0.9977777781249999 0.5599999999999999 0.8977777781249999 0.5549999999999999 0.8644444437500001 0.54 0.8311111109375 0.5225 0.8688888890625 0.52 0.9 0.53 0.9333333328125001 0.525 0.9577777781249999 0.5287499999999999 0.9800000000000001
2 0.57125 0.9488888890625 0.5700000000000001 0.9288888890625 0.58125 0.882222221875 0.58375 0.8088888890625 0.5700000000000001 0.76444444375 0.56125 0.7688888890625 0.54875 0.8088888890625 0.5475 0.8266666671875 0.55625 0.8488888890625 0.5675 0.9466666671875 0.57125 0.9488888890625
2 0.64125 0.85555555625 0.64625 0.8288888890624999 0.63125 0.7866666671875 0.62 0.7866666671875 0.61 0.82 0.615 0.8533333328125 0.6224999999999999 0.86 0.64125 0.85555555625
2 0.63625 0.70444444375 0.62375 0.6711111109375001 0.6174999999999999 0.6733333328125 0.60875 0.7022222218749999 0.615 0.7733333328125 0.63375 0.78 0.63875 0.7244444437500001 0.63625 0.70444444375
2 0.5025000000000001 0.8133333328125 0.50625 0.7088888890625 0.49874999999999997 0.6733333328125 0.49000000000000005 0.6733333328125 0.48624999999999996 0.68444444375 0.48375 0.7511111109375 0.48875 0.7911111109375 0.49375 0.8088888890625 0.5025000000000001 0.8133333328125
2 0.8949999999999999 0.8088888890625 0.9075 0.8 0.9099999999999999 0.76444444375 0.90625 0.74444444375 0.89375 0.73555555625 0.89625 0.6977777781250001 0.88125 0.6711111109375001 0.8712500000000001 0.70444444375 0.8574999999999999 0.7111111109375 0.8487500000000001 0.7311111109375 0.84375 0.74444444375 0.8487500000000001 0.7755555562499999 0.8862500000000001 0.79555555625 0.8949999999999999 0.8088888890625
2 0.53 0.7111111109375 0.53625 0.72 0.5387500000000001 0.6911111109375 0.5337500000000001 0.66444444375 0.52 0.6711111109375001 0.51375 0.6888888890625 0.51625 0.7088888890625 0.52 0.717777778125 0.53 0.7111111109375