1 0.56375 0.7244444437500001 0.55625 0.642222221875 0.5387500000000001 0.602222221875 0.5287499999999999 0.5933333328125 0.49874999999999997 0.597777778125 0.48624999999999996 0.61555555625 0.48250000000000004 0.6533333328125 0.49375 0.73555555625 0.5575 0.7311111109375 0.56375 0.7244444437500001
1 0.655 0.72 0.66125 0.7066666671874999 0.67375 0.7 0.6775 0.68444444375 0.66625 0.6777777781250001 0.6575 0.6533333328125 0.6375 0.6266666671875 0.6 0.6311111109375 0.5875 0.64 0.58 0.657777778125 0.58 0.7111111109375 0.60625 0.7933333328125001 0.64125 0.7933333328125001 0.655 0.72
1 0.69625 0.9977777781249999 0.75875 0.9977777781249999 0.80375 0.9866666671875001 0.8162499999999999 0.9711111109375 0.8175000000000001 0.9311111109375 0.8099999999999999 0.8888888890625 0.76125 0.7666666671875 0.75 0.757777778125 0.74 0.73555555625 0.73125 0.7333333328125 0.7112499999999999 0.7022222218749999 0.6725 0.70444444375 0.6575 0.71555555625 0.64625 0.7733333328125 0.645 0.8422222218750001 0.65 0.8800000000000001 0.675 0.91555555625 0.69625 0.9977777781249999
2 0.47750000000000004 0.557777778125 0.465 0.54 0.45999999999999996 0.5666666671875 0.4625 0.617777778125 0.47375 0.6333333328124999 0.47874999999999995 0.6133333328125 0.47750000000000004 0.557777778125
2 0.49124999999999996 0.49555555625 0.4875 0.48 0.47750000000000004 0.48444444375 0.47375 0.54 0.48125 0.5533333328125 0.48875 0.54 0.49124999999999996 0.49555555625
2 0.52 0.51555555625 0.50875 0.4888888890625 0.5025000000000001 0.5066666671875 0.50125 0.5666666671875 0.51125 0.5711111109375 0.52 0.5555555562500001 0.52 0.51555555625
2 0.545 0.5177777781249999 0.5387500000000001 0.5066666671875 0.5325 0.5088888890625001 0.5287499999999999 0.5599999999999999 0.5387500000000001 0.5555555562500001 0.5475 0.5688888890625 0.545 0.5177777781249999
1 0.595 0.5377777781249999 0.5925 0.5066666671875 0.5775 0.46444444375 0.55125 0.462222221875 0.54 0.47555555624999996 0.5387500000000001 0.50444444375 0.5475 0.52 0.55 0.54444444375 0.595 0.5377777781249999
1 0.6287499999999999 0.4311111109375 0.61875 0.41111111093749997 0.5962500000000001 0.41111111093749997 0.5875 0.4266666671875 0.5875 0.4533333328125 0.595 0.46666666718750005 0.6287499999999999 0.462222221875 0.6287499999999999 0.4311111109375
2 0.50125 0.42000000000000004 0.49124999999999996 0.42222222187499997 0.49000000000000005 0.44888888906249996 0.49749999999999994 0.477777778125 0.50125 0.4688888890625 0.50125 0.42000000000000004
2 0.51875 0.44666666718750003 0.5125 0.44888888906249996 0.50875 0.48 0.52125 0.4933333328125 0.525 0.46444444375 0.51875 0.44666666718750003
1 0.5925 0.41333333281250006 0.58875 0.37333333281250003 0.5675 0.3711111109375 0.5599999999999999 0.38444444375 0.5575 0.40222222187499995 0.56375 0.42000000000000004 0.5862499999999999 0.42222222187499997 0.5925 0.41333333281250006
1 0.5662499999999999 0.36666666718749996 0.56125 0.33999999999999997 0.54 0.34888888906250004 0.5375 0.36222222187500003 0.545 0.3866666671875 0.55625 0.3866666671875 0.5662499999999999 0.36666666718749996
2 0.6224999999999999 0.9977777781249999 0.62375 0.922222221875 0.61875 0.9 0.6224999999999999 0.8755555562499999 0.59875 0.81555555625 0.5912499999999999 0.82 0.5912499999999999 0.837777778125 0.58125 0.8688888890625 0.5875 0.9488888890625 0.60375 0.9666666671874999 0.61 0.9977777781249999 0.6224999999999999 0.9977777781249999
2 0.5650000000000001 0.9622222218750001 0.5700000000000001 0.942222221875 0.5525 0.882222221875 0.54375 0.88444444375 0.54125 0.9066666671875 0.5287499999999999 0.937777778125 0.53125 0.98444444375 0.5375 0.9977777781249999 0.5675 0.9977777781249999 0.5650000000000001 0.9622222218750001
2 0.9125 0.88444444375 0.92875 0.8800000000000001 0.9337500000000001 0.86 0.93125 0.8444444437499999 0.8825 0.74 0.87625 0.74 0.86875 0.7244444437500001 0.85375 0.722222221875 0.8412499999999999 0.76444444375 0.83375 0.8444444437499999 0.8425 0.8644444437500001 0.89125 0.8644444437500001 0.9125 0.88444444375
2 0.94625 0.782222221875 0.95625 0.76444444375 0.9512499999999999 0.7111111109375 0.9349999999999999 0.6711111109375001 0.9275 0.6711111109375001 0.9075 0.7 0.9 0.7311111109375 0.9037499999999999 0.7533333328125 0.9349999999999999 0.782222221875 0.94625 0.782222221875
2 0.99875 0.74 0.9962500000000001 0.6266666671875 0.985 0.6266666671875 0.96875 0.6666666671875 0.9637499999999999 0.68444444375 0.96875 0.7288888890624999 0.9862500000000001 0.742222221875 0.99875 0.74
2 0.6 0.5888888890625 0.5862499999999999 0.5533333328125 0.58 0.557777778125 0.575 0.577777778125 0.58 0.6311111109375 0.58125 0.6133333328125 0.595 0.6088888890625 0.6 0.5888888890625
2 0.8175000000000001 0.6888888890625 0.8150000000000001 0.6688888890625 0.8225 0.6466666671875 0.8162499999999999 0.6333333328124999 0.81375 0.5933333328125 0.8025 0.59555555625 0.79 0.6133333328125 0.7875 0.6533333328125 0.7787499999999999 0.657777778125 0.7787499999999999 0.6866666671874999 0.80375 0.7111111109375 0.81375 0.7066666671874999 0.8175000000000001 0.6888888890625
2 0.71 0.54 0.70375 0.5333333328125 0.6925 0.56444444375 0.69375 0.6133333328125 0.7125 0.6333333328124999 0.7150000000000001 0.56444444375 0.71 0.54
2 0.6875 0.5 0.6799999999999999 0.4911111109375 0.6725 0.50444444375 0.67375 0.5533333328125 0.6849999999999999 0.5666666671875 0.68875 0.5533333328125 0.6875 0.5
2 0.6587500000000001 0.4911111109375 0.6537499999999999 0.48 0.645 0.48444444375 0.63875 0.5088888890625001 0.65 0.54444444375 0.6575 0.54 0.6587500000000001 0.4911111109375
2 0.78125 0.617777778125 0.7725 0.5711111109375 0.76125 0.5711111109375 0.7525000000000001 0.5911111109375 0.7537499999999999 0.63555555625 0.76625 0.6533333328125 0.775 0.6533333328125 0.78125 0.617777778125
2 0.725 0.55390625 0.0265625 0.09453125
2 0.75234375 0.55625 0.01875 0.084375
2 0.84609375 0.578125 0.034375 0.08984375
2 0.8953125 0.6640625 0.04609375 0.11796875
2 0.89296875 0.5921875 0.0390625 0.07578125