1 0.8025 0.6977777781250001 0.8074999999999999 0.6911111109375 0.80625 0.6666666671875 0.8150000000000001 0.637777778125 0.7875 0.5866666671874999 0.7462500000000001 0.58 0.71375 0.602222221875 0.7112499999999999 0.6511111109375001 0.73625 0.6711111109375001 0.7474999999999999 0.7 0.8025 0.6977777781250001
1 0.72 0.56444444375 0.7150000000000001 0.5088888890625001 0.6950000000000001 0.48444444375 0.66125 0.48444444375 0.64625 0.502222221875 0.64375 0.52 0.64625 0.5533333328125 0.66625 0.58 0.7162499999999999 0.57555555625 0.72 0.56444444375
1 0.585 0.47555555624999996 0.57375 0.45555555625000005 0.54625 0.4533333328125 0.54 0.4711111109375 0.5387500000000001 0.52 0.54875 0.5555555562500001 0.595 0.54444444375 0.585 0.47555555624999996
1 0.87625 0.85555555625 0.93 0.922222221875 0.93875 0.9577777781249999 0.9550000000000001 0.9666666671874999 0.99875 0.9577777781249999 0.99875 0.7511111109375 0.97625 0.73555555625 0.90625 0.74 0.8637499999999999 0.7533333328125 0.85375 0.7711111109375001 0.8525 0.802222221875 0.86 0.8466666671875 0.8712500000000001 0.86 0.87625 0.85555555625
1 0.9112500000000001 0.7288888890624999 0.9800000000000001 0.7311111109375 0.9949999999999999 0.7 0.9862500000000001 0.6666666671875 0.9412499999999999 0.6288888890625 0.8637499999999999 0.642222221875 0.8525 0.657777778125 0.85125 0.70444444375 0.875 0.71555555625 0.89125 0.737777778125 0.9112500000000001 0.7288888890624999
2 0.6275000000000001 0.8333333328125001 0.63 0.76 0.61 0.7066666671874999 0.595 0.742222221875 0.59875 0.8288888890624999 0.6075 0.8488888890625 0.6075 0.8422222218750001 0.6275000000000001 0.8333333328125001
2 0.68625 0.9 0.68125 0.8711111109375 0.67 0.8755555562499999 0.6599999999999999 0.92444444375 0.6625 0.9977777781249999 0.6975 0.9977777781249999 0.70375 0.9400000000000001 0.68625 0.9
2 0.71 0.85555555625 0.7125 0.8488888890625 0.7112499999999999 0.8133333328125 0.7162499999999999 0.7888888890625 0.69625 0.7266666671875 0.68875 0.7333333328125 0.6799999999999999 0.76444444375 0.67875 0.8400000000000001 0.6925 0.8733333328124999 0.70375 0.8511111109374999 0.71 0.85555555625
2 0.76375 0.9488888890625 0.77 0.922222221875 0.745 0.8577777781249999 0.73625 0.8533333328125 0.71875 0.902222221875 0.7224999999999999 0.9977777781249999 0.76375 0.9977777781249999 0.7675 0.97555555625 0.76375 0.9488888890625
2 0.57125 0.72 0.5549999999999999 0.70444444375 0.54875 0.7244444437500001 0.55125 0.7711111109375001 0.5650000000000001 0.79555555625 0.57375 0.7511111109375 0.57125 0.72
2 0.58875 0.61555555625 0.5725 0.61555555625 0.57125 0.6688888890625 0.575 0.68444444375 0.5875 0.6911111109375 0.58875 0.61555555625