1 0.7837500000000001 0.8977777781249999 0.7474999999999999 0.82444444375 0.6900000000000001 0.8222222218749999 0.66625 0.8333333328125001 0.6625 0.8488888890625 0.66125 0.937777778125 0.6837500000000001 0.9977777781249999 0.8150000000000001 0.9977777781249999 0.7837500000000001 0.8977777781249999
1 0.6849999999999999 0.782222221875 0.7175 0.7711111109375001 0.7150000000000001 0.7133333328125 0.70125 0.6711111109375001 0.67875 0.6288888890625 0.64 0.622222221875 0.61875 0.6333333328124999 0.61125 0.6466666671875 0.6125 0.70444444375 0.62625 0.7244444437500001 0.64375 0.782222221875 0.6849999999999999 0.782222221875
1 0.66875 0.617777778125 0.6599999999999999 0.57555555625 0.63875 0.54 0.61125 0.5355555562500001 0.5974999999999999 0.5488888890625 0.5962500000000001 0.5911111109375 0.61125 0.64 0.63375 0.622222221875 0.66875 0.617777778125
1 0.7737499999999999 0.6466666671875 0.77 0.59555555625 0.75125 0.5555555562500001 0.71 0.5533333328125 0.6875 0.57555555625 0.68625 0.62 0.7125 0.6555555562500001 0.77125 0.6533333328125 0.7737499999999999 0.6466666671875
1 0.8875 0.7866666671875 0.8862500000000001 0.7311111109375 0.87625 0.69555555625 0.8462500000000001 0.6533333328125 0.81375 0.6488888890625 0.79 0.6555555562500001 0.765 0.6733333328125 0.75875 0.6911111109375 0.75875 0.737777778125 0.8225 0.8 0.88125 0.7977777781250001 0.8875 0.7866666671875
1 0.76625 0.5733333328125 0.77625 0.61555555625 0.8300000000000001 0.6044444437500001 0.8375 0.59555555625 0.8387499999999999 0.522222221875 0.8300000000000001 0.482222221875 0.7925 0.457777778125 0.75 0.45999999999999996 0.7325 0.482222221875 0.7275 0.542222221875 0.74375 0.54444444375 0.75625 0.557777778125 0.76625 0.5733333328125
5 0.655 0.5555555562500001 0.69875 0.5511111109375 0.71375 0.5355555562500001 0.72 0.4911111109375 0.71375 0.42222222187499997 0.6825 0.40444444375 0.64125 0.40444444375 0.63125 0.41555555625 0.6287499999999999 0.5066666671875 0.6325000000000001 0.522222221875 0.6475 0.5333333328125 0.655 0.5555555562500001
2 0.50875 0.93555555625 0.51 0.8755555562499999 0.4875 0.81555555625 0.47750000000000004 0.82444444375 0.46749999999999997 0.8688888890625 0.46624999999999994 0.9111111109375001 0.48125 0.9933333328125 0.49749999999999994 0.9977777781249999 0.50875 0.93555555625
2 0.5675 0.9711111109375 0.56375 0.8511111109374999 0.54375 0.7888888890625 0.5349999999999999 0.79555555625 0.5287499999999999 0.8488888890625 0.5287499999999999 0.917777778125 0.5387500000000001 0.9511111109374999 0.56375 0.98444444375 0.5675 0.9711111109375
2 0.51625 0.8111111109375001 0.52 0.8066666671875 0.51625 0.76444444375 0.5037499999999999 0.7288888890624999 0.49625 0.7311111109375 0.48875 0.762222221875 0.48875 0.8044444437499999 0.49749999999999994 0.7977777781250001 0.51125 0.8 0.51625 0.8111111109375001
2 0.585 0.7666666671875 0.5725 0.76444444375 0.5650000000000001 0.7977777781250001 0.56875 0.8644444437500001 0.5875 0.9333333328125001 0.595 0.7911111109375 0.585 0.7666666671875
2 0.6174999999999999 0.922222221875 0.64125 0.8711111109375 0.6425 0.8533333328125 0.62375 0.79555555625 0.61125 0.7977777781250001 0.61375 0.8088888890625 0.60625 0.8288888890624999 0.60625 0.9111111109375001 0.61125 0.942222221875 0.6174999999999999 0.942222221875 0.6174999999999999 0.922222221875
2 0.8487500000000001 0.9400000000000001 0.85625 0.8933333328125 0.85 0.8688888890625 0.86625 0.8488888890625 0.8550000000000001 0.837777778125 0.8400000000000001 0.802222221875 0.82 0.8288888890624999 0.82125 0.882222221875 0.84375 0.902222221875 0.84375 0.93555555625 0.8487500000000001 0.9400000000000001
2 0.5525 0.7 0.545 0.6866666671874999 0.53625 0.6866666671874999 0.5287499999999999 0.7111111109375 0.5325 0.78444444375 0.5549999999999999 0.777777778125 0.5575 0.7511111109375 0.5525 0.7