2 0.615 0.74 0.6025 0.6977777781250001 0.5974999999999999 0.7 0.5875 0.737777778125 0.5900000000000001 0.79555555625 0.6125 0.8466666671875 0.61875 0.7866666671875 0.615 0.74
2 0.5650000000000001 0.6088888890625 0.55625 0.58444444375 0.55125 0.58444444375 0.545 0.602222221875 0.545 0.6666666671875 0.5575 0.6911111109375 0.5650000000000001 0.657777778125 0.5650000000000001 0.6088888890625
2 0.52125 0.5933333328125 0.51 0.5466666671875 0.50125 0.542222221875 0.49749999999999994 0.597777778125 0.505 0.6266666671875 0.51375 0.6333333328124999 0.52125 0.5933333328125
2 0.4925 0.5266666671875 0.48250000000000004 0.5133333328125 0.47750000000000004 0.52 0.47625 0.5688888890625 0.48624999999999996 0.5933333328125 0.4925 0.5688888890625 0.4925 0.5266666671875
2 0.55 0.5599999999999999 0.54 0.5311111109375 0.5325 0.5355555562500001 0.5287499999999999 0.6 0.5325 0.622222221875 0.5375 0.6244444437500001 0.55 0.5599999999999999
2 0.5875 0.502222221875 0.5775 0.48444444375 0.57125 0.497777778125 0.57125 0.542222221875 0.58375 0.5599999999999999 0.58875 0.54 0.5875 0.502222221875
2 0.5125 0.837777778125 0.52125 0.8133333328125 0.51875 0.782222221875 0.525 0.7533333328125 0.50875 0.7088888890625 0.50125 0.7133333328125 0.49749999999999994 0.73555555625 0.495 0.75555555625 0.50125 0.78 0.50125 0.82 0.5125 0.837777778125
2 0.54375 0.9133333328125 0.53 0.8866666671875001 0.5287499999999999 0.8688888890625 0.515 0.8688888890625 0.505 0.9199999999999999 0.5125 0.9977777781249999 0.54125 0.9977777781249999 0.55 0.9622222218750001 0.54375 0.9133333328125
2 0.4890625 0.47578125 0.01875 0.06015625
2 0.51953125 0.50234375 0.01953125 0.06328125
1 0.53984375 0.43515625 0.0421875 0.0671875
1 0.70125 0.5466666671875 0.7175 0.5311111109375 0.705 0.502222221875 0.69375 0.4933333328125 0.6637500000000001 0.49555555625 0.6475 0.52 0.6487499999999999 0.5533333328125 0.66875 0.58 0.6912499999999999 0.577777778125 0.70125 0.5466666671875
1 0.73625 0.69555555625 0.75125 0.7066666671874999 0.7725 0.7066666671874999 0.80375 0.7022222218749999 0.81875 0.6911111109375 0.81375 0.5911111109375 0.8087500000000001 0.5733333328125 0.75125 0.5333333328125 0.72375 0.5333333328125 0.70375 0.5488888890625 0.6950000000000001 0.577777778125 0.69625 0.617777778125 0.705 0.6533333328125 0.73625 0.69555555625
1 0.69375 0.8 0.7162499999999999 0.7866666671875 0.7162499999999999 0.74 0.70625 0.7111111109375 0.7075 0.69555555625 0.69875 0.6911111109375 0.6875 0.657777778125 0.6725 0.63555555625 0.6637500000000001 0.6288888890625 0.6287499999999999 0.6333333328124999 0.6174999999999999 0.657777778125 0.6125 0.6888888890625 0.61125 0.722222221875 0.63125 0.762222221875 0.6425 0.802222221875 0.69375 0.8
1 0.8825 0.662222221875 0.8825 0.6244444437500001 0.8574999999999999 0.58 0.8375 0.5711111109375 0.8125 0.57555555625 0.81875 0.68444444375 0.8225 0.6911111109375 0.865 0.68444444375 0.8825 0.662222221875
1 0.81125 0.5599999999999999 0.8074999999999999 0.52444444375 0.7849999999999999 0.49555555625 0.74875 0.4933333328125 0.725 0.5133333328125 0.72375 0.5311111109375 0.76375 0.5355555562500001 0.79375 0.5599999999999999 0.81125 0.5599999999999999
1 0.615 0.42444444375 0.60375 0.3911111109375 0.58125 0.3911111109375 0.57625 0.4 0.5725 0.4311111109375 0.5825 0.44888888906249996 0.6025 0.44888888906249996 0.615 0.42444444375
1 0.66125 0.4933333328125 0.6625 0.4711111109375 0.655 0.43777777812499996 0.63875 0.42888888906249995 0.6375 0.41777777812499994 0.6224999999999999 0.41555555625 0.605 0.4533333328125 0.605 0.482222221875 0.62 0.5066666671875 0.6537499999999999 0.502222221875 0.66125 0.4933333328125
1 0.5775 0.37555555625000003 0.5700000000000001 0.36 0.55375 0.36 0.55 0.3711111109375 0.5525 0.397777778125 0.57625 0.3933333328125 0.5775 0.37555555625000003
1 0.55375 0.3333333328125 0.5387500000000001 0.337777778125 0.53625 0.36444444374999996 0.54 0.3711111109375 0.5587500000000001 0.35111111093749997 0.55375 0.3333333328125