1 0.6975 0.7244444437500001 0.7 0.7022222218749999 0.69375 0.657777778125 0.6837500000000001 0.62 0.6599999999999999 0.5711111109375 0.6475 0.557777778125 0.6212500000000001 0.557777778125 0.61125 0.562222221875 0.60375 0.5888888890625 0.60625 0.6777777781250001 0.61625 0.6711111109375001 0.64 0.7311111109375 0.6975 0.7244444437500001
1 0.64 0.7311111109375 0.6975 0.7244444437500001 0.7 0.7022222218749999 0.69375 0.657777778125 0.68125 0.61555555625 0.6537499999999999 0.562222221875 0.61625 0.5599999999999999 0.61 0.56444444375 0.60375 0.5911111109375 0.6025 0.6599999999999999 0.60625 0.6777777781250001 0.61625 0.6711111109375001 0.64 0.7311111109375
2 0.6975 0.7244444437500001 0.7 0.7022222218749999 0.6950000000000001 0.66444444375 0.6837500000000001 0.62 0.6599999999999999 0.5711111109375 0.6475 0.557777778125 0.6224999999999999 0.557777778125 0.61125 0.562222221875 0.60375 0.5911111109375 0.60625 0.6777777781250001 0.61625 0.6711111109375001 0.64 0.7311111109375 0.6975 0.7244444437500001
2 0.5 0.9977777781249999 0.5075000000000001 0.97555555625 0.50875 0.8644444437500001 0.495 0.81555555625 0.48624999999999996 0.8222222218749999 0.48250000000000004 0.8444444437499999 0.47750000000000004 0.8800000000000001 0.48250000000000004 0.937777778125 0.49124999999999996 0.99555555625 0.5 0.9977777781249999
1 0.5 0.9977777781249999 0.5075000000000001 0.977777778125 0.51 0.8933333328125 0.50875 0.8644444437500001 0.5 0.8400000000000001 0.49749999999999994 0.8133333328125 0.48624999999999996 0.8177777781250001 0.47750000000000004 0.8755555562499999 0.47874999999999995 0.922222221875 0.48875 0.9866666671875001 0.49124999999999996 0.9977777781249999 0.5 0.9977777781249999
2 0.61875 0.9977777781249999 0.61875 0.9488888890625 0.62375 0.92444444375 0.62 0.86 0.6025 0.8111111109375001 0.5862499999999999 0.8400000000000001 0.585 0.902222221875 0.60625 0.95555555625 0.6125 0.9977777781249999 0.61875 0.9977777781249999
1 0.5825 0.577777778125 0.605 0.5711111109375 0.61 0.5333333328125 0.5925 0.48444444375 0.58125 0.4733333328125 0.55625 0.4733333328125 0.5475 0.4888888890625 0.545 0.5111111109375 0.55 0.557777778125 0.575 0.557777778125 0.5825 0.577777778125
1 0.6900000000000001 0.5333333328125 0.6837500000000001 0.4888888890625 0.675 0.4733333328125 0.6487499999999999 0.4733333328125 0.63 0.5 0.6287499999999999 0.5266666671875 0.64375 0.5511111109375 0.6775 0.5488888890625 0.6900000000000001 0.5333333328125
2 0.45125000000000004 0.757777778125 0.44375 0.742222221875 0.43 0.75555555625 0.43 0.8044444437499999 0.44375 0.8288888890624999 0.4525 0.8088888890625 0.45125000000000004 0.757777778125
2 0.4925 0.78 0.505 0.7911111109375 0.50875 0.7866666671875 0.49625 0.7266666671875 0.48875 0.7244444437500001 0.48375 0.73555555625 0.475 0.7666666671875 0.47625 0.782222221875 0.48125 0.7911111109375 0.4925 0.78
2 0.55625 0.8444444437499999 0.5575 0.7666666671875 0.54125 0.7244444437500001 0.53625 0.7288888890624999 0.5325 0.75555555625 0.53 0.8177777781250001 0.53625 0.837777778125 0.54875 0.8533333328125 0.55625 0.8444444437499999
2 0.72875 0.9977777781249999 0.73375 0.9577777781249999 0.7275 0.9111111109375001 0.7125 0.9066666671875 0.70125 0.917777778125 0.70375 0.9288888890625 0.69625 0.9488888890625 0.6975 0.9977777781249999 0.72875 0.9977777781249999
2 0.80625 0.9466666671875 0.79875 0.86 0.7849999999999999 0.8511111109374999 0.77625 0.8666666671875 0.77625 0.92444444375 0.7925 0.9666666671874999 0.8012499999999999 0.9733333328124999 0.80625 0.9466666671875