1 0.6925 0.6044444437500001 0.7175 0.59555555625 0.73875 0.6088888890625 0.7462500000000001 0.6044444437500001 0.7462500000000001 0.542222221875 0.7375 0.51555555625 0.7224999999999999 0.5 0.6775 0.5 0.6575 0.5288888890625 0.6575 0.5733333328125 0.6725 0.58444444375 0.68875 0.61555555625 0.6925 0.6044444437500001
0 0.575 0.5 0.58125 0.45999999999999996 0.58 0.41111111093749997 0.57375 0.3888888890625 0.54875 0.35555555625 0.51375 0.36444444374999996 0.5125 0.43333333281249997 0.5225 0.4933333328125 0.5337500000000001 0.5088888890625001 0.575 0.5
2 0.45625 0.96 0.465 0.9466666671875 0.47750000000000004 0.9577777781249999 0.46875 0.8444444437499999 0.44749999999999995 0.8444444437499999 0.44749999999999995 0.8533333328125 0.43624999999999997 0.8688888890625 0.43499999999999994 0.8933333328125 0.43375 0.9511111109374999 0.445 0.98444444375 0.4525 0.982222221875 0.45625 0.96
2 0.5625 0.9711111109375 0.5700000000000001 0.9066666671875 0.56875 0.8400000000000001 0.55125 0.782222221875 0.545 0.78444444375 0.5349999999999999 0.8222222218749999 0.5325 0.8422222218750001 0.54 0.92444444375 0.5525 0.96444444375 0.5625 0.9711111109375
2 0.60875 0.902222221875 0.61 0.782222221875 0.5900000000000001 0.73555555625 0.575 0.74444444375 0.5725 0.782222221875 0.57125 0.82444444375 0.58125 0.8666666671875 0.6025 0.902222221875 0.60875 0.902222221875
2 0.67 0.9333333328125001 0.67625 0.8688888890625 0.67375 0.7977777781250001 0.66125 0.777777778125 0.66125 0.76 0.6537499999999999 0.7533333328125 0.64125 0.8 0.63875 0.8688888890625 0.6587500000000001 0.9066666671875 0.6625 0.9311111109375 0.67 0.9333333328125001
2 0.4525 0.8 0.45 0.837777778125 0.4625 0.82444444375 0.4575 0.802222221875 0.4525 0.8
1 0.88375 0.8644444437500001 0.8975 0.88444444375 0.9087500000000001 0.9311111109375 0.925 0.9400000000000001 0.94375 0.9266666671875001 0.99875 0.9288888890625 0.99875 0.7533333328125 0.9949999999999999 0.7488888890625 0.9662499999999999 0.72 0.9400000000000001 0.7088888890625 0.8525 0.717777778125 0.835 0.7288888890624999 0.83125 0.7466666671875 0.835 0.8266666671875 0.845 0.8400000000000001 0.8574999999999999 0.8311111109375 0.88375 0.8644444437500001
2 0.5175 0.5911111109375 0.50875 0.5666666671875 0.49749999999999994 0.5888888890625 0.49625 0.63555555625 0.5125 0.6688888890625 0.52 0.6266666671875 0.5175 0.5911111109375
2 0.5825 0.6066666671875 0.57375 0.59555555625 0.5650000000000001 0.6044444437500001 0.56375 0.637777778125 0.57625 0.657777778125 0.5825 0.64 0.5825 0.6066666671875
2 0.55375 0.5111111109375 0.5475 0.52444444375 0.5475 0.5822222218750001 0.5599999999999999 0.5911111109375 0.5650000000000001 0.5355555562500001 0.55375 0.5111111109375