1 0.7075 0.7733333328125 0.70375 0.717777778125 0.6825 0.6555555562500001 0.66125 0.62 0.61875 0.62 0.60625 0.6555555562500001 0.605 0.7 0.63 0.7888888890625 0.6925 0.7888888890625 0.7075 0.7733333328125
2 0.51 0.7333333328125 0.5175 0.72 0.50875 0.6777777781250001 0.49749999999999994 0.66444444375 0.49375 0.6688888890625 0.49375 0.737777778125 0.49749999999999994 0.7466666671875 0.49874999999999997 0.7266666671875 0.51 0.7333333328125
2 0.51875 0.5888888890625 0.51125 0.58444444375 0.50625 0.602222221875 0.5075000000000001 0.637777778125 0.5237499999999999 0.642222221875 0.5275000000000001 0.617777778125 0.51875 0.5888888890625
1 0.60375 0.6466666671875 0.61375 0.622222221875 0.63 0.6111111109375 0.62625 0.5733333328125 0.6212500000000001 0.5733333328125 0.60875 0.5377777781249999 0.5875 0.5333333328125 0.5675 0.54444444375 0.5625 0.5599999999999999 0.56375 0.61555555625 0.57875 0.6488888890625 0.60375 0.6466666671875
1 0.5662499999999999 0.5377777781249999 0.6 0.52444444375 0.5875 0.4733333328125 0.57625 0.45999999999999996 0.55 0.462222221875 0.54125 0.482222221875 0.54 0.52 0.55375 0.562222221875 0.56125 0.5599999999999999 0.5662499999999999 0.5377777781249999
2 0.47750000000000004 0.9577777781249999 0.46624999999999994 0.86 0.44375 0.862222221875 0.43499999999999994 0.902222221875 0.43375 0.9533333328125 0.44749999999999995 0.9888888890624999 0.4625 0.9466666671875 0.47750000000000004 0.9577777781249999
2 0.55625 0.8355555562499999 0.55625 0.8 0.54625 0.7666666671875 0.5325 0.7466666671875 0.52 0.7755555562499999 0.51875 0.8466666671875 0.5337500000000001 0.89555555625 0.54875 0.882222221875 0.55625 0.8355555562499999
1 0.7675 0.622222221875 0.76625 0.577777778125 0.75875 0.5488888890625 0.73375 0.52 0.6950000000000001 0.522222221875 0.6725 0.5466666671875 0.67 0.5911111109375 0.70625 0.64 0.75875 0.6333333328124999 0.7675 0.622222221875
1 0.68875 0.482222221875 0.67 0.44888888906249996 0.63375 0.4511111109375 0.62 0.4711111109375 0.62 0.5111111109375 0.64 0.5355555562500001 0.6875 0.522222221875 0.68875 0.482222221875
2 0.5875 0.9688888890625 0.6075 0.99555555625 0.6174999999999999 0.9333333328125001 0.615 0.902222221875 0.61875 0.88444444375 0.6012500000000001 0.8288888890624999 0.5925 0.8288888890624999 0.57625 0.8688888890625 0.5825 0.9111111109375001 0.58125 0.9400000000000001 0.5875 0.9688888890625
2 0.705 0.8733333328124999 0.6950000000000001 0.837777778125 0.6725 0.8733333328124999 0.6775 0.99555555625 0.71375 0.9977777781249999 0.7162499999999999 0.8866666671875001 0.705 0.8733333328124999