1 0.9512499999999999 0.9400000000000001 0.99875 0.9266666671875001 0.9962500000000001 0.837777778125 0.97875 0.78 0.92125 0.72 0.905 0.7111111109375 0.82875 0.717777778125 0.8074999999999999 0.7288888890624999 0.8012499999999999 0.75555555625 0.8 0.8 0.8099999999999999 0.8333333328125001 0.9075 0.93555555625 0.9512499999999999 0.9400000000000001
2 0.68625 0.522222221875 0.6799999999999999 0.52 0.67125 0.5466666671875 0.67 0.5822222218750001 0.68875 0.6133333328125 0.6950000000000001 0.54444444375 0.68625 0.522222221875
2 0.725 0.5599999999999999 0.7212500000000001 0.5333333328125 0.7112499999999999 0.522222221875 0.6975 0.5377777781249999 0.69625 0.5599999999999999 0.70375 0.5911111109375 0.7162499999999999 0.6 0.725 0.5599999999999999
2 0.8699999999999999 0.6044444437500001 0.865 0.58 0.85125 0.5822222218750001 0.8324999999999999 0.6266666671875 0.8324999999999999 0.66444444375 0.865 0.6866666671874999 0.8699999999999999 0.66444444375 0.8699999999999999 0.6044444437500001
2 0.9237500000000001 0.6111111109375 0.91375 0.602222221875 0.905 0.57555555625 0.8825 0.622222221875 0.88375 0.66444444375 0.91375 0.6888888890625 0.9199999999999999 0.68444444375 0.9237500000000001 0.6111111109375
2 0.8087500000000001 0.6266666671875 0.8225 0.622222221875 0.8225 0.5933333328125 0.7975 0.57555555625 0.7825 0.5888888890625 0.7775000000000001 0.6133333328125 0.78 0.642222221875 0.80625 0.662222221875 0.8087500000000001 0.6266666671875
2 0.76125 0.54444444375 0.75125 0.5266666671875 0.73875 0.56444444375 0.74 0.59555555625 0.75875 0.6133333328125 0.765 0.5866666671874999 0.76125 0.54444444375
2 0.7625 0.54296875 0.01953125 0.0984375
2 0.821875 0.5859375 0.0359375 0.1015625
2 0.97578125 0.73359375 0.0484375 0.1421875
2 0.96171875 0.6328125 0.05 0.10703125
2 0.91171875 0.59140625 0.03984375 0.09453125
2 0.72578125 0.5328125 0.02109375 0.08125
2 0.73671875 0.5109375 0.021875 0.06796875