2 0.5725 0.6599999999999999 0.5599999999999999 0.6244444437500001 0.55125 0.6266666671875 0.545 0.6599999999999999 0.5475 0.7 0.5675 0.72 0.5725 0.6599999999999999
1 0.66875 0.637777778125 0.65 0.5822222218750001 0.63375 0.5533333328125 0.61875 0.54444444375 0.5912499999999999 0.5488888890625 0.58375 0.5688888890625 0.58 0.637777778125 0.6025 0.7088888890625 0.6725 0.6933333328125 0.66875 0.637777778125
2 0.49375 0.5866666671874999 0.48624999999999996 0.5688888890625 0.47750000000000004 0.57555555625 0.47750000000000004 0.62 0.48624999999999996 0.6333333328124999 0.4925 0.61555555625 0.49375 0.5866666671874999
1 0.58 0.48 0.5675 0.457777778125 0.54 0.457777778125 0.5349999999999999 0.4733333328125 0.5325 0.497777778125 0.54125 0.5333333328125 0.58125 0.5266666671875 0.58 0.48
1 0.83375 0.7133333328125 0.84375 0.7 0.8412499999999999 0.6555555562500001 0.8162499999999999 0.6088888890625 0.795 0.5866666671874999 0.7462500000000001 0.5888888890625 0.71375 0.6066666671875 0.71375 0.6511111109375001 0.74375 0.682222221875 0.75875 0.717777778125 0.83375 0.7133333328125
1 0.71 0.9711111109375 0.72 0.9977777781249999 0.8875 0.9977777781249999 0.85125 0.922222221875 0.835 0.8644444437500001 0.76625 0.76444444375 0.7575000000000001 0.757777778125 0.705 0.76444444375 0.6925 0.777777778125 0.6825 0.82444444375 0.68125 0.8711111109375 0.6925 0.9622222218750001 0.70125 0.97555555625 0.71 0.9711111109375
1 0.68625 0.542222221875 0.68625 0.5 0.67 0.4733333328125 0.63875 0.4688888890625 0.62625 0.482222221875 0.6224999999999999 0.4933333328125 0.62625 0.522222221875 0.6425 0.54444444375 0.68625 0.542222221875
2 0.52125 0.7977777781250001 0.51625 0.7866666671875 0.5025000000000001 0.7911111109375 0.50125 0.8400000000000001 0.5125 0.862222221875 0.5225 0.8288888890624999 0.52125 0.7977777781250001
2 0.5725 0.8911111109375 0.5549999999999999 0.8466666671875 0.5475 0.8488888890625 0.5375 0.8888888890625 0.54 0.96444444375 0.54625 0.9977777781249999 0.5650000000000001 0.9977777781249999 0.5725 0.8911111109375
2 0.57625 0.81555555625 0.57375 0.78444444375 0.5662499999999999 0.7666666671875 0.55 0.7733333328125 0.54875 0.8177777781250001 0.57125 0.86 0.57125 0.8311111109375 0.57625 0.81555555625
2 0.64125 0.9622222218750001 0.63375 0.9133333328125 0.62625 0.9044444437499999 0.6075 0.91555555625 0.60375 0.9511111109374999 0.6125 0.9977777781249999 0.63875 0.9977777781249999 0.64125 0.9622222218750001
2 0.575 0.75555555625 0.56125 0.7022222218749999 0.55125 0.7066666671874999 0.54875 0.7311111109375 0.5475 0.7466666671875 0.5650000000000001 0.7488888890625 0.57125 0.762222221875 0.575 0.75555555625
2 0.52125 0.6244444437500001 0.5075000000000001 0.6244444437500001 0.505 0.63555555625 0.505 0.6711111109375001 0.515 0.682222221875 0.525 0.6733333328125 0.52125 0.6244444437500001