1 0.65 0.8977777781249999 0.7424999999999999 0.8866666671875001 0.7462500000000001 0.8800000000000001 0.74875 0.8266666671875 0.7424999999999999 0.7977777781250001 0.72 0.7311111109375 0.6849999999999999 0.6666666671875 0.67 0.657777778125 0.6425 0.662222221875 0.6275000000000001 0.6777777781250001 0.61875 0.71555555625 0.6174999999999999 0.777777778125 0.63875 0.8288888890624999 0.64375 0.8800000000000001 0.65 0.8977777781249999
1 0.63125 0.6666666671875 0.6625 0.6533333328125 0.66125 0.6288888890625 0.63875 0.557777778125 0.6174999999999999 0.5333333328125 0.61125 0.5288888890625 0.585 0.54 0.57875 0.5822222218750001 0.58 0.6466666671875 0.5974999999999999 0.6866666671874999 0.6224999999999999 0.6866666671874999 0.63125 0.6666666671875
2 0.49000000000000005 0.6888888890625 0.48624999999999996 0.66444444375 0.475 0.657777778125 0.47125000000000006 0.6711111109375001 0.47000000000000003 0.70444444375 0.47625 0.7288888890624999 0.485 0.74 0.49000000000000005 0.6888888890625
1 0.51375 0.642222221875 0.5325 0.6599999999999999 0.53625 0.6555555562500001 0.55125 0.6133333328125 0.5337500000000001 0.54 0.52625 0.5311111109375 0.49749999999999994 0.5311111109375 0.49000000000000005 0.54 0.485 0.5666666671875 0.48875 0.6511111109375001 0.505 0.6599999999999999 0.51375 0.642222221875
1 0.57375 0.597777778125 0.5862499999999999 0.5377777781249999 0.61125 0.5288888890625 0.61 0.5177777781249999 0.60375 0.497777778125 0.5875 0.477777778125 0.5599999999999999 0.48 0.55375 0.4933333328125 0.55 0.5111111109375 0.5525 0.5599999999999999 0.56375 0.59555555625 0.57375 0.597777778125
1 0.5625 0.4711111109375 0.55 0.4311111109375 0.5287499999999999 0.43333333281249997 0.525 0.442222221875 0.52 0.462222221875 0.525 0.497777778125 0.53625 0.5 0.5625 0.4711111109375
2 0.51 0.922222221875 0.5125 0.9 0.5125 0.8444444437499999 0.49749999999999994 0.7933333328125001 0.49000000000000005 0.79555555625 0.48 0.8311111109375 0.48624999999999996 0.9266666671875001 0.5025000000000001 0.9733333328124999 0.50125 0.937777778125 0.51 0.922222221875
2 0.5575 0.9688888890625 0.5599999999999999 0.9 0.55625 0.88444444375 0.54625 0.8533333328125 0.5375 0.8444444437499999 0.5225 0.8866666671875001 0.5287499999999999 0.9977777781249999 0.55 0.9977777781249999 0.55625 0.9911111109374999 0.5575 0.9688888890625
2 0.6275000000000001 0.9466666671875 0.6075 0.8911111109375 0.59875 0.8933333328125 0.5974999999999999 0.91555555625 0.585 0.937777778125 0.5875 0.9977777781249999 0.61875 0.9977777781249999 0.63 0.977777778125 0.6275000000000001 0.9466666671875
2 0.4575 0.8444444437499999 0.46125 0.7711111109375001 0.44749999999999995 0.7311111109375 0.44125 0.73555555625 0.43375 0.7888888890625 0.43125 0.8444444437499999 0.4425 0.88444444375 0.44875 0.8888888890625 0.4575 0.8444444437499999
1 0.7175 0.6066666671875 0.75125 0.6088888890625 0.75125 0.5511111109375 0.7325 0.51555555625 0.71375 0.502222221875 0.6875 0.50444444375 0.6675 0.5266666671875 0.665 0.577777778125 0.6799999999999999 0.5911111109375 0.68875 0.62 0.7175 0.6066666671875
1 0.7575000000000001 0.5133333328125 0.75125 0.4688888890625 0.705 0.45555555625000005 0.6849999999999999 0.47555555624999996 0.6849999999999999 0.502222221875 0.71 0.49555555625 0.7537499999999999 0.54 0.7575000000000001 0.5133333328125
5 0.8425 0.782222221875 0.845 0.8400000000000001 0.85375 0.862222221875 0.89875 0.8533333328125 0.91875 0.8666666671875 0.9400000000000001 0.8466666671875 0.97625 0.8355555562499999 0.98375 0.682222221875 0.98125 0.64444444375 0.905 0.5911111109375 0.875 0.58 0.81125 0.5866666671874999 0.7975 0.6555555562500001 0.7775000000000001 0.6533333328125 0.78125 0.657777778125 0.77625 0.6799999999999999 0.7787499999999999 0.7133333328125 0.8425 0.782222221875
2 0.7975 0.902222221875 0.81125 0.9 0.81375 0.8711111109375 0.795 0.8400000000000001 0.7737499999999999 0.8333333328125001 0.75875 0.8422222218750001 0.7575000000000001 0.8911111109375 0.7675 0.922222221875 0.78 0.922222221875 0.7975 0.902222221875
2 0.5662499999999999 0.9311111109375 0.5725 0.9111111109375001 0.5775 0.82 0.56375 0.76 0.5599999999999999 0.757777778125 0.5549999999999999 0.7933333328125001 0.54875 0.802222221875 0.54875 0.8577777781249999 0.5587500000000001 0.8888888890625 0.5625 0.9311111109375 0.5662499999999999 0.9311111109375
2 0.5912499999999999 0.8311111109375 0.59875 0.8066666671875 0.59875 0.7111111109375 0.5900000000000001 0.6799999999999999 0.58375 0.682222221875 0.575 0.7111111109375 0.5725 0.7311111109375 0.57875 0.8111111109375001 0.58375 0.8266666671875 0.5912499999999999 0.8311111109375