1 0.65125 0.6666666671875 0.6575 0.657777778125 0.6587500000000001 0.6266666671875 0.64125 0.557777778125 0.615 0.52444444375 0.5825 0.5311111109375 0.57625 0.562222221875 0.5775 0.6311111109375 0.595 0.682222221875 0.625 0.662222221875 0.65125 0.6666666671875
1 0.6837500000000001 0.8533333328125 0.68875 0.9111111109375001 0.70875 0.92444444375 0.74875 0.9199999999999999 0.75625 0.8866666671875001 0.76625 0.8755555562499999 0.78 0.88444444375 0.7825 0.9066666671875 0.795 0.9 0.795 0.86 0.7849999999999999 0.81555555625 0.7675 0.7755555562499999 0.76375 0.7466666671875 0.735 0.69555555625 0.70625 0.6666666671875 0.6675 0.6666666671875 0.6525000000000001 0.6733333328125 0.64 0.7133333328125 0.645 0.8133333328125 0.6537499999999999 0.8311111109375 0.67125 0.8311111109375 0.6837500000000001 0.8533333328125
1 0.725 0.63555555625 0.75875 0.637777778125 0.7675 0.622222221875 0.76875 0.59555555625 0.7575000000000001 0.5488888890625 0.735 0.52444444375 0.6925 0.5266666671875 0.6825 0.5333333328125 0.67125 0.56444444375 0.6725 0.602222221875 0.69625 0.6266666671875 0.70625 0.6488888890625 0.725 0.63555555625
1 0.8162499999999999 0.782222221875 0.8237500000000001 0.8044444437499999 0.8412499999999999 0.8133333328125 0.8525 0.757777778125 0.86 0.7466666671875 0.86875 0.7488888890625 0.87375 0.8 0.8787499999999999 0.8088888890625 0.915 0.8133333328125 0.93125 0.7977777781250001 0.93125 0.73555555625 0.9112500000000001 0.6733333328125 0.8949999999999999 0.6555555562500001 0.865 0.6333333328124999 0.835 0.6266666671875 0.7737499999999999 0.64444444375 0.7625 0.6688888890625 0.7625 0.7266666671875 0.78125 0.7333333328125 0.7837500000000001 0.7466666671875 0.8162499999999999 0.782222221875
5 0.585 0.52444444375 0.60875 0.5177777781249999 0.5925 0.42444444375 0.57375 0.40888888906250004 0.5387500000000001 0.41777777812499994 0.5475 0.52444444375 0.56375 0.5666666671875 0.5725 0.5599999999999999 0.585 0.52444444375
2 0.59875 0.8755555562499999 0.58 0.8177777781250001 0.575 0.8133333328125 0.5675 0.8222222218749999 0.56375 0.9266666671875001 0.5875 0.9666666671874999 0.595 0.9466666671875 0.59875 0.8755555562499999
2 0.51 0.8533333328125 0.48875 0.85555555625 0.4875 0.8977777781249999 0.4925 0.9044444437499999 0.51 0.9 0.51 0.8533333328125
2 0.6825 0.9266666671875001 0.6849999999999999 0.8755555562499999 0.6625 0.8177777781250001 0.655 0.8222222218749999 0.6537499999999999 0.8444444437499999 0.64625 0.86 0.6575 0.9800000000000001 0.675 0.982222221875 0.68625 0.9622222218750001 0.6825 0.9266666671875001
2 0.53625 0.70444444375 0.52 0.7066666671874999 0.52125 0.7666666671875 0.5287499999999999 0.78444444375 0.5387500000000001 0.7488888890625 0.53625 0.70444444375
2 0.8525 0.8666666671875 0.8625 0.8444444437499999 0.865 0.7755555562499999 0.86 0.757777778125 0.8487500000000001 0.7888888890625 0.845 0.82444444375 0.85125 0.8444444437499999 0.845 0.8577777781249999 0.8525 0.8666666671875
2 0.6224999999999999 0.902222221875 0.635 0.86 0.63375 0.8222222218749999 0.6212500000000001 0.82 0.615 0.8288888890624999 0.61 0.8644444437500001 0.61625 0.88444444375 0.61375 0.8911111109375 0.6224999999999999 0.902222221875