2 0.58125 0.7133333328125 0.56875 0.69555555625 0.5587500000000001 0.7088888890625 0.55625 0.7244444437500001 0.55625 0.762222221875 0.57625 0.76444444375 0.5875 0.7466666671875 0.58125 0.7133333328125
1 0.6925 0.7533333328125 0.6912499999999999 0.70444444375 0.6825 0.6533333328125 0.6487499999999999 0.577777778125 0.6425 0.5711111109375 0.60375 0.5733333328125 0.59375 0.597777778125 0.5912499999999999 0.6711111109375001 0.6075 0.7666666671875 0.6637500000000001 0.7666666671875 0.6925 0.7533333328125
1 0.575 0.5599999999999999 0.6012500000000001 0.5555555562500001 0.59875 0.4933333328125 0.5862499999999999 0.4688888890625 0.5675 0.4533333328125 0.55125 0.462222221875 0.54375 0.477777778125 0.54625 0.5288888890625 0.5599999999999999 0.5599999999999999 0.575 0.5666666671875 0.575 0.5599999999999999
1 0.5625 0.42444444375 0.5549999999999999 0.41111111093749997 0.53125 0.41333333281250006 0.5337500000000001 0.46444444375 0.545 0.46666666718750005 0.5650000000000001 0.44888888906249996 0.5625 0.42444444375
2 0.57125 0.9511111109374999 0.5700000000000001 0.9288888890625 0.575 0.9199999999999999 0.5725 0.8911111109375 0.5525 0.8444444437499999 0.5475 0.8488888890625 0.54125 0.8800000000000001 0.5425 0.9800000000000001 0.54875 0.9977777781249999 0.56375 0.9977777781249999 0.57125 0.9511111109374999
2 0.5775 0.882222221875 0.5825 0.82 0.57625 0.7888888890625 0.5675 0.7666666671875 0.5599999999999999 0.7666666671875 0.54875 0.8 0.54875 0.8333333328125001 0.56125 0.8488888890625 0.57125 0.8866666671875001 0.5775 0.882222221875
2 0.6375 0.9733333328124999 0.63 0.9266666671875001 0.6375 0.8911111109375 0.61625 0.837777778125 0.6075 0.837777778125 0.5912499999999999 0.9 0.605 0.9977777781249999 0.6287499999999999 0.9977777781249999 0.6375 0.9733333328124999
2 0.725 0.9533333328125 0.725 0.92444444375 0.70375 0.8533333328125 0.68875 0.8466666671875 0.6799999999999999 0.8866666671875001 0.6799999999999999 0.9800000000000001 0.6875 0.9977777781249999 0.7162499999999999 0.9977777781249999 0.725 0.9533333328125
2 0.71875 0.902222221875 0.72 0.9199999999999999 0.7262500000000001 0.92444444375 0.72875 0.837777778125 0.7112499999999999 0.7755555562499999 0.69875 0.7755555562499999 0.6875 0.82444444375 0.6875 0.8444444437499999 0.70125 0.85555555625 0.71875 0.902222221875
2 0.79125 0.8711111109375 0.805 0.8711111109375 0.8099999999999999 0.86 0.8087500000000001 0.8311111109375 0.77625 0.7244444437500001 0.76875 0.7288888890624999 0.7625 0.762222221875 0.76 0.8177777781250001 0.76625 0.86 0.78625 0.86 0.79125 0.8711111109375
2 0.5287499999999999 0.742222221875 0.51375 0.70444444375 0.505 0.7311111109375 0.5075000000000001 0.8044444437499999 0.5125 0.81555555625 0.525 0.8177777781250001 0.5287499999999999 0.742222221875