1 0.7224999999999999 0.73555555625 0.6950000000000001 0.6533333328125 0.67375 0.63555555625 0.65125 0.63555555625 0.64125 0.637777778125 0.6275000000000001 0.66444444375 0.62625 0.73555555625 0.65125 0.8066666671875 0.72375 0.79555555625 0.7224999999999999 0.73555555625
1 0.7825 0.737777778125 0.79875 0.7288888890624999 0.84375 0.73555555625 0.85 0.7244444437500001 0.85125 0.66444444375 0.83625 0.6244444437500001 0.8099999999999999 0.59555555625 0.76375 0.597777778125 0.73375 0.617777778125 0.73 0.6311111109375 0.73125 0.68444444375 0.76125 0.72 0.78125 0.7288888890624999 0.7825 0.737777778125
1 0.6224999999999999 0.6733333328125 0.64375 0.6311111109375 0.635 0.59555555625 0.615 0.5555555562500001 0.58375 0.5533333328125 0.5662499999999999 0.57555555625 0.5650000000000001 0.6133333328125 0.5725 0.6244444437500001 0.585 0.67555555625 0.6224999999999999 0.6733333328125
1 0.5587500000000001 0.44444444375 0.54875 0.42444444375 0.53 0.42444444375 0.52 0.43777777812499996 0.5175 0.46444444375 0.525 0.4911111109375 0.5599999999999999 0.48666666718749996 0.5587500000000001 0.44444444375
2 0.585 0.81555555625 0.5700000000000001 0.7711111109375001 0.56125 0.7733333328125 0.5525 0.8066666671875 0.5525 0.8288888890624999 0.56375 0.86 0.58125 0.8488888890625 0.585 0.81555555625
2 0.5275000000000001 0.73555555625 0.5125 0.6911111109375 0.50125 0.722222221875 0.5075000000000001 0.782222221875 0.51625 0.802222221875 0.5237499999999999 0.8 0.5275000000000001 0.73555555625
2 0.615 0.8666666671875 0.6224999999999999 0.8688888890625 0.6287499999999999 0.7866666671875 0.62625 0.76 0.61125 0.7088888890625 0.6025 0.7133333328125 0.5974999999999999 0.74444444375 0.59875 0.777777778125 0.59375 0.802222221875 0.6025 0.837777778125 0.615 0.8666666671875
2 0.73 0.9977777781249999 0.73125 0.9133333328125 0.72375 0.877777778125 0.70625 0.837777778125 0.7 0.8400000000000001 0.68625 0.8866666671875001 0.6900000000000001 0.92444444375 0.6849999999999999 0.9400000000000001 0.6975 0.9977777781249999 0.73 0.9977777781249999
2 0.885 0.9800000000000001 0.8887499999999999 0.9533333328125 0.8775000000000001 0.8422222218750001 0.85875 0.8177777781250001 0.85125 0.78 0.8375 0.7866666671875 0.8162499999999999 0.837777778125 0.8162499999999999 0.9 0.825 0.917777778125 0.885 0.9800000000000001
2 0.6725 0.91555555625 0.6525000000000001 0.862222221875 0.64125 0.8666666671875 0.6275000000000001 0.9133333328125 0.62625 0.9577777781249999 0.635 0.9977777781249999 0.67875 0.9977777781249999 0.6725 0.91555555625
1 0.6950000000000001 0.5288888890625 0.68125 0.482222221875 0.65125 0.48 0.63625 0.5 0.6375 0.5333333328125 0.6537499999999999 0.557777778125 0.69375 0.557777778125 0.6950000000000001 0.5288888890625