1 0.615 0.5711111109375 0.61 0.502222221875 0.595 0.4711111109375 0.5862499999999999 0.46444444375 0.56375 0.4688888890625 0.5549999999999999 0.49555555625 0.55375 0.54 0.56375 0.5688888890625 0.5775 0.57555555625 0.615 0.5711111109375
5 0.57625 0.457777778125 0.57125 0.38 0.5575 0.36222222187500003 0.52625 0.36222222187500003 0.5275000000000001 0.4311111109375 0.54125 0.45999999999999996 0.5549999999999999 0.46666666718750005 0.57625 0.457777778125
1 0.7175 0.93555555625 0.73625 0.9533333328125 0.73625 0.982222221875 0.74875 0.9866666671875001 0.75 0.9977777781249999 0.86625 0.9977777781249999 0.8637499999999999 0.9688888890625 0.83375 0.8911111109375 0.8099999999999999 0.8444444437499999 0.79625 0.8355555562499999 0.7875 0.8133333328125 0.7725 0.7977777781250001 0.7025 0.7977777781250001 0.68875 0.8111111109375001 0.6837500000000001 0.8311111109375 0.6825 0.877777778125 0.6925 0.9311111109375 0.7 0.9400000000000001 0.7175 0.93555555625
1 0.8125 0.7511111109375 0.85 0.757777778125 0.87625 0.8 0.9087500000000001 0.8 0.915 0.7866666671875 0.91375 0.737777778125 0.9037499999999999 0.7 0.8724999999999999 0.66444444375 0.84375 0.657777778125 0.8 0.6688888890625 0.79 0.67555555625 0.78125 0.6977777781250001 0.78125 0.7311111109375 0.79125 0.7511111109375 0.80625 0.76 0.8125 0.7511111109375
1 0.475 0.9977777781249999 0.49375 0.9977777781249999 0.5025000000000001 0.942222221875 0.505 0.88444444375 0.48125 0.82 0.46624999999999994 0.8688888890625 0.46375 0.902222221875 0.46749999999999997 0.9088888890625 0.47000000000000003 0.982222221875 0.475 0.9977777781249999
1 0.5587500000000001 0.7511111109375 0.55 0.74 0.54125 0.7511111109375 0.54 0.7933333328125001 0.5525 0.7977777781250001 0.56375 0.82444444375 0.5587500000000001 0.7511111109375
1 0.6212500000000001 0.9266666671875001 0.61875 0.8644444437500001 0.60375 0.8133333328125 0.59375 0.8133333328125 0.58125 0.8533333328125 0.5825 0.9466666671875 0.5974999999999999 0.9666666671874999 0.61625 0.9577777781249999 0.6212500000000001 0.9266666671875001
1 0.6637500000000001 0.85555555625 0.67 0.8133333328125 0.67125 0.737777778125 0.6537499999999999 0.6888888890625 0.645 0.6933333328125 0.64 0.72 0.64 0.7711111109375001 0.6475 0.82444444375 0.6637500000000001 0.85555555625
1 0.72375 0.7266666671875 0.7125 0.722222221875 0.70625 0.7288888890624999 0.70125 0.78444444375 0.70625 0.7933333328125001 0.72375 0.7911111109375 0.72375 0.7266666671875
1 0.5037499999999999 0.8133333328125 0.50875 0.73555555625 0.4925 0.69555555625 0.485 0.6977777781250001 0.47750000000000004 0.74 0.48250000000000004 0.8044444437499999 0.495 0.8400000000000001 0.5037499999999999 0.8133333328125
1 0.66625 0.9288888890625 0.6475 0.9266666671875001 0.6325000000000001 0.937777778125 0.6325000000000001 0.9733333328124999 0.63875 0.9977777781249999 0.67125 0.9977777781249999 0.66625 0.9288888890625