1 0.5325 0.9888888890624999 0.54 0.9977777781249999 0.64 0.99555555625 0.64625 0.9800000000000001 0.6425 0.917777778125 0.6212500000000001 0.8111111109375001 0.5962500000000001 0.7266666671875 0.5875 0.7133333328125 0.5675 0.7111111109375 0.5387500000000001 0.717777778125 0.5325 0.7266666671875 0.53125 0.75555555625 0.52 0.8066666671875 0.52 0.8577777781249999 0.5325 0.9888888890624999
1 0.7162499999999999 0.9311111109375 0.76125 0.9133333328125 0.76625 0.877777778125 0.76 0.82444444375 0.74875 0.8044444437499999 0.7424999999999999 0.7733333328125 0.71875 0.7266666671875 0.6925 0.70444444375 0.65625 0.7022222218749999 0.63375 0.7111111109375 0.6275000000000001 0.7244444437500001 0.6275000000000001 0.8066666671875 0.63875 0.82444444375 0.6625 0.9266666671875001 0.7162499999999999 0.9311111109375
1 0.5775 0.5733333328125 0.5825 0.557777778125 0.585 0.49555555625 0.5725 0.4888888890625 0.55125 0.497777778125 0.545 0.5311111109375 0.5475 0.5599999999999999 0.5599999999999999 0.5822222218750001 0.5775 0.5733333328125
1 0.8 0.73555555625 0.8275 0.76 0.83125 0.737777778125 0.8425 0.7311111109375 0.8487500000000001 0.737777778125 0.85875 0.7755555562499999 0.8675 0.78 0.87625 0.802222221875 0.8949999999999999 0.79555555625 0.915 0.8 0.93625 0.782222221875 0.9324999999999999 0.71555555625 0.91375 0.6733333328125 0.8800000000000001 0.64 0.8099999999999999 0.64444444375 0.78125 0.6599999999999999 0.775 0.6777777781250001 0.775 0.7111111109375 0.7849999999999999 0.7333333328125 0.8 0.73555555625
1 0.7162499999999999 0.6311111109375 0.7224999999999999 0.62 0.740833334375 0.617777778125 0.755 0.6266666671875 0.76625 0.6111111109375 0.7675 0.5733333328125 0.75875 0.52444444375 0.7325 0.497777778125 0.68875 0.49555555625 0.66625 0.5333333328125 0.66625 0.58 0.6837500000000001 0.59555555625 0.70125 0.6288888890625 0.7162499999999999 0.6311111109375
5 0.59875 0.64444444375 0.6224999999999999 0.6 0.645 0.62 0.64625 0.5933333328125 0.63625 0.52 0.6224999999999999 0.497777778125 0.58375 0.502222221875 0.5825 0.5711111109375 0.5925 0.6066666671875 0.595 0.637777778125 0.59875 0.64444444375
2 0.49124999999999996 0.8911111109375 0.495 0.802222221875 0.48250000000000004 0.76444444375 0.4725 0.7666666671875 0.465 0.7866666671875 0.465 0.9044444437499999 0.46875 0.92444444375 0.47750000000000004 0.9266666671875001 0.49124999999999996 0.8911111109375
5 0.49625 0.8133333328125 0.48375 0.762222221875 0.47125000000000006 0.7666666671875 0.465 0.78444444375 0.46375 0.85555555625 0.47375 0.9088888890625 0.49000000000000005 0.8888888890625 0.49625 0.8133333328125
2 0.52125 0.762222221875 0.53625 0.7111111109375 0.5375 0.68444444375 0.5287499999999999 0.6511111109375001 0.52 0.6488888890625 0.51375 0.6711111109375001 0.51625 0.7133333328125 0.51125 0.742222221875 0.5125 0.7533333328125 0.52125 0.762222221875
1 0.57625 0.48444444375 0.5725 0.4511111109375 0.5599999999999999 0.4311111109375 0.54 0.43555555625000003 0.5349999999999999 0.44666666718750003 0.5325 0.4911111109375 0.54375 0.5177777781249999 0.5587500000000001 0.4888888890625 0.57625 0.48444444375
2 0.8637499999999999 0.9311111109375 0.87375 0.922222221875 0.88125 0.8688888890625 0.8724999999999999 0.8488888890625 0.8712500000000001 0.8311111109375 0.8275 0.7755555562499999 0.8275 0.7666666671875 0.8175000000000001 0.7666666671875 0.80625 0.7911111109375 0.79875 0.7888888890625 0.8 0.8133333328125 0.7825 0.82444444375 0.7787499999999999 0.882222221875 0.7875 0.902222221875 0.8125 0.8977777781249999 0.8637499999999999 0.9311111109375