2 0.60875 0.982222221875 0.615 0.902222221875 0.5962500000000001 0.8422222218750001 0.5862499999999999 0.8466666671875 0.5775 0.8911111109375 0.57625 0.93555555625 0.5925 0.942222221875 0.5962500000000001 0.9666666671874999 0.60875 0.982222221875
2 0.5599999999999999 0.88444444375 0.5625 0.79555555625 0.5475 0.7511111109375 0.54 0.75555555625 0.53125 0.7888888890625 0.5337500000000001 0.862222221875 0.54625 0.9199999999999999 0.5525 0.92444444375 0.5599999999999999 0.88444444375
2 0.51625 0.837777778125 0.515 0.7711111109375001 0.5125 0.74444444375 0.5025000000000001 0.71555555625 0.49749999999999994 0.72 0.49000000000000005 0.7666666671875 0.4925 0.8311111109375 0.5 0.86 0.51 0.8711111109375 0.51625 0.837777778125
2 0.61625 0.722222221875 0.595 0.6799999999999999 0.58375 0.7133333328125 0.58125 0.7466666671875 0.5862499999999999 0.7888888890625 0.60625 0.8288888890624999 0.61625 0.722222221875
2 0.48125 0.6333333328124999 0.48 0.602222221875 0.46749999999999997 0.5688888890625 0.45999999999999996 0.5866666671874999 0.46125 0.6333333328124999 0.465 0.6533333328125 0.475 0.6666666671875 0.48125 0.6333333328124999
2 0.5875 0.6777777781250001 0.595 0.6066666671875 0.58375 0.57555555625 0.57875 0.57555555625 0.5725 0.597777778125 0.5725 0.6466666671875 0.57625 0.66444444375 0.5875 0.6777777781250001
5 0.735 0.9977777781249999 0.765 0.9977777781249999 0.7737499999999999 0.98444444375 0.78125 0.9888888890624999 0.7875 0.9688888890625 0.78125 0.9622222218750001 0.78 0.9311111109375 0.7975 0.89555555625 0.875 0.8711111109375 0.9099999999999999 0.8866666671875001 0.9025000000000001 0.82444444375 0.89625 0.8111111109375001 0.8487500000000001 0.757777778125 0.825 0.7111111109375 0.78 0.657777778125 0.77 0.657777778125 0.7525000000000001 0.6799999999999999 0.69875 0.6933333328125 0.68875 0.6933333328125 0.67 0.6733333328125 0.665 0.6799999999999999 0.665 0.7888888890625 0.67 0.837777778125 0.70375 0.937777778125 0.735 0.9977777781249999
2 0.86 0.7266666671875 0.86875 0.74444444375 0.87625 0.742222221875 0.8800000000000001 0.717777778125 0.87625 0.6333333328124999 0.8724999999999999 0.6266666671875 0.8525 0.6266666671875 0.83375 0.6733333328125 0.8300000000000001 0.7088888890625 0.835 0.722222221875 0.845 0.7311111109375 0.86 0.7266666671875
2 0.93 0.8133333328125 0.92875 0.7288888890624999 0.91625 0.71555555625 0.915 0.7022222218749999 0.9037499999999999 0.6977777781250001 0.8949999999999999 0.7311111109375 0.8887499999999999 0.7866666671875 0.8975 0.8088888890625 0.9075 0.8177777781250001 0.93 0.8133333328125
5 0.57625 0.54 0.58 0.5599999999999999 0.61 0.5666666671875 0.61375 0.5 0.60625 0.42222222187499997 0.57875 0.3933333328125 0.5387500000000001 0.40444444375 0.54125 0.4888888890625 0.55125 0.5377777781249999 0.5662499999999999 0.5288888890625 0.57625 0.54
5 0.7375 0.5888888890625 0.76375 0.577777778125 0.77125 0.43777777812499996 0.7075 0.397777778125 0.6425 0.4 0.6375 0.45555555625000005 0.63625 0.5 0.64125 0.5266666671875 0.67625 0.5933333328125 0.7375 0.5888888890625
5 0.8887499999999999 0.8711111109375 0.795 0.8933333328125 0.7849999999999999 0.9111111109375001 0.7787499999999999 0.9444444437499999 0.775 0.9977777781249999 0.9349999999999999 0.9977777781249999 0.91625 0.9088888890625 0.8887499999999999 0.8711111109375