1 0.7474999999999999 0.6066666671875 0.755 0.5933333328125 0.755 0.562222221875 0.72875 0.52 0.6912499999999999 0.5133333328125 0.67125 0.54 0.6725 0.57555555625 0.6900000000000001 0.5911111109375 0.6975 0.6111111109375 0.7474999999999999 0.6066666671875
1 0.5900000000000001 0.502222221875 0.5862499999999999 0.4511111109375 0.5700000000000001 0.4266666671875 0.5475 0.42888888906249995 0.54 0.45555555625000005 0.5387500000000001 0.4888888890625 0.5475 0.5111111109375 0.585 0.5111111109375 0.5900000000000001 0.502222221875
1 0.74375 0.7133333328125 0.7537499999999999 0.7288888890624999 0.765 0.7288888890624999 0.78625 0.757777778125 0.8462500000000001 0.7533333328125 0.85875 0.742222221875 0.85625 0.6533333328125 0.8099999999999999 0.6044444437500001 0.75875 0.6066666671875 0.7275 0.6288888890625 0.725 0.6555555562500001 0.73 0.6888888890625 0.74 0.6911111109375 0.74375 0.7133333328125
1 0.91875 0.6977777781250001 0.93625 0.6666666671875 0.93625 0.637777778125 0.925 0.602222221875 0.8975 0.5711111109375 0.85 0.5688888890625 0.8087500000000001 0.5933333328125 0.8099999999999999 0.6044444437500001 0.85625 0.6466666671875 0.865 0.7 0.91875 0.6977777781250001
1 0.99875 0.9977777781249999 0.99875 0.81555555625 0.8949999999999999 0.8177777781250001 0.8787499999999999 0.8311111109375 0.8699999999999999 0.8577777781249999 0.87625 0.9333333328125001 0.9012499999999999 0.9511111109374999 0.93 0.9933333328125 0.99875 0.9977777781249999
2 0.8324999999999999 0.9533333328125 0.845 0.982222221875 0.85375 0.9888888890624999 0.8612500000000001 0.9666666671874999 0.85875 0.9 0.85 0.85555555625 0.835 0.8177777781250001 0.8324999999999999 0.7888888890625 0.82125 0.7911111109375 0.7925 0.8688888890625 0.79 0.89555555625 0.8025 0.9266666671875001 0.8125 0.942222221875 0.8324999999999999 0.9533333328125
2 0.69875 0.9111111109375001 0.69625 0.8688888890625 0.6875 0.8444444437499999 0.6575 0.8488888890625 0.6537499999999999 0.9288888890625 0.6799999999999999 0.9977777781249999 0.68625 0.9977777781249999 0.69875 0.9111111109375001
2 0.5700000000000001 0.937777778125 0.58 0.982222221875 0.585 0.97555555625 0.5900000000000001 0.917777778125 0.5875 0.8688888890625 0.595 0.8400000000000001 0.5725 0.78444444375 0.56375 0.7866666671875 0.56375 0.8066666671875 0.5525 0.8533333328125 0.56125 0.9311111109375 0.5700000000000001 0.937777778125
2 0.54125 0.8355555562499999 0.5425 0.7666666671875 0.5287499999999999 0.7133333328125 0.5225 0.71555555625 0.5175 0.74 0.515 0.82 0.5237499999999999 0.8577777781249999 0.5337500000000001 0.8733333328124999 0.54125 0.8355555562499999
2 0.58375 0.717777778125 0.575 0.71555555625 0.5675 0.7311111109375 0.56375 0.7711111109375001 0.58 0.7933333328125001 0.5900000000000001 0.7666666671875 0.58375 0.717777778125
2 0.6125 0.68444444375 0.5974999999999999 0.68444444375 0.595 0.6911111109375 0.5962500000000001 0.7311111109375 0.61375 0.76444444375 0.61875 0.69555555625 0.6125 0.68444444375
2 0.47750000000000004 0.95555555625 0.47000000000000003 0.8533333328125 0.4425 0.86 0.4375 0.8866666671875001 0.43499999999999994 0.9511111109374999 0.44749999999999995 0.9866666671875001 0.4575 0.9577777781249999 0.47750000000000004 0.95555555625
2 0.52125 0.6088888890625 0.51125 0.61555555625 0.51125 0.6466666671875 0.52125 0.6711111109375001 0.525 0.62 0.52125 0.6088888890625
2 0.5675 0.6311111109375 0.5625 0.6111111109375 0.55125 0.61555555625 0.5475 0.6511111109375001 0.5587500000000001 0.67555555625 0.5675 0.6488888890625 0.5675 0.6311111109375