2 0.61875 0.9488888890625 0.62 0.86 0.6025 0.8133333328125 0.595 0.8177777781250001 0.59375 0.8400000000000001 0.585 0.86 0.585 0.91555555625 0.59875 0.9800000000000001 0.61 0.9977777781249999 0.61875 0.9488888890625
2 0.44375 0.8577777781249999 0.45625 0.837777778125 0.45875000000000005 0.8177777781250001 0.45375 0.7866666671875 0.45875000000000005 0.757777778125 0.44375 0.7244444437500001 0.42874999999999996 0.7511111109375 0.42874999999999996 0.8400000000000001 0.44625000000000004 0.877777778125 0.44875 0.8666666671875 0.44375 0.8577777781249999
2 0.52625 0.89555555625 0.52625 0.8733333328124999 0.50875 0.82 0.5 0.82 0.49000000000000005 0.8533333328125 0.4925 0.9044444437499999 0.49749999999999994 0.9088888890625 0.505 0.8933333328125 0.52625 0.89555555625
2 0.59375 0.78 0.58 0.7733333328125 0.57125 0.7911111109375 0.57125 0.8266666671875 0.5825 0.8533333328125 0.595 0.81555555625 0.59375 0.78
2 0.65 0.922222221875 0.6525000000000001 0.9 0.6587500000000001 0.9 0.655 0.8533333328125 0.6575 0.8044444437499999 0.64375 0.76 0.6325000000000001 0.76 0.6325000000000001 0.782222221875 0.62375 0.8111111109375001 0.62625 0.8888888890625 0.65 0.922222221875
1 0.64625 0.7533333328125 0.68625 0.7488888890625 0.7075 0.71555555625 0.6975 0.6466666671875 0.6625 0.5866666671874999 0.655 0.58 0.62625 0.5822222218750001 0.61625 0.5866666671874999 0.61125 0.6044444437500001 0.60625 0.642222221875 0.61125 0.69555555625 0.63 0.7466666671875 0.64625 0.7533333328125
2 0.64625 0.7533333328125 0.6875 0.7488888890625 0.7075 0.71555555625 0.69875 0.6488888890625 0.6625 0.5866666671874999 0.655 0.58 0.62625 0.5822222218750001 0.61625 0.5866666671874999 0.61125 0.6044444437500001 0.60625 0.642222221875 0.61125 0.69555555625 0.63 0.7466666671875 0.64625 0.7533333328125
1 0.8412499999999999 0.837777778125 0.78 0.8444444437499999 0.77125 0.85555555625 0.75125 0.917777778125 0.75 0.9977777781249999 0.9425000000000001 0.9977777781249999 0.9025000000000001 0.917777778125 0.8412499999999999 0.837777778125
1 0.83125 0.802222221875 0.8699999999999999 0.8466666671875 0.87625 0.877777778125 0.8925000000000001 0.902222221875 0.9112500000000001 0.89555555625 0.93 0.9111111109375001 0.99875 0.9044444437499999 0.99875 0.8088888890625 0.9550000000000001 0.7333333328125 0.9225 0.7133333328125 0.8699999999999999 0.7066666671874999 0.82875 0.7111111109375 0.81375 0.7244444437500001 0.8099999999999999 0.73555555625 0.81375 0.7933333328125001 0.825 0.8066666671875 0.83125 0.802222221875
1 0.5912499999999999 0.49555555625 0.575 0.4533333328125 0.545 0.4533333328125 0.5387500000000001 0.4733333328125 0.5387500000000001 0.5133333328125 0.5549999999999999 0.54444444375 0.59375 0.542222221875 0.5912499999999999 0.49555555625
0 0.6575 0.557777778125 0.6925 0.6 0.70375 0.6266666671875 0.73625 0.6488888890625 0.80375 0.642222221875 0.825 0.6311111109375 0.82875 0.54 0.8237500000000001 0.4711111109375 0.8162499999999999 0.442222221875 0.7837500000000001 0.43555555625000003 0.7 0.377777778125 0.65 0.38 0.63875 0.397777778125 0.64125 0.4311111109375 0.635 0.4933333328125 0.655 0.5377777781249999 0.6575 0.557777778125