2 0.5525 0.8733333328124999 0.54 0.8466666671875 0.52625 0.8511111109374999 0.5175 0.8644444437500001 0.51375 0.8866666671875001 0.525 0.942222221875 0.5425 0.9688888890625 0.5525 0.8733333328124999
2 0.645 0.8577777781249999 0.6287499999999999 0.7911111109375 0.6174999999999999 0.7977777781250001 0.61625 0.81555555625 0.60625 0.8400000000000001 0.6025 0.9088888890625 0.635 0.9800000000000001 0.64375 0.92444444375 0.645 0.8577777781249999
2 0.7075 0.882222221875 0.705 0.85555555625 0.6925 0.8511111109374999 0.6799999999999999 0.8911111109375 0.68125 0.9977777781249999 0.7212500000000001 0.9977777781249999 0.72375 0.922222221875 0.7075 0.882222221875
2 0.68625 0.8533333328125 0.68625 0.7977777781250001 0.6925 0.7711111109375001 0.6837500000000001 0.76444444375 0.66875 0.71555555625 0.66125 0.72 0.6525000000000001 0.762222221875 0.65 0.8288888890624999 0.66625 0.8666666671875 0.6775 0.8733333328124999 0.68625 0.8533333328125
2 0.575 0.73555555625 0.5525 0.742222221875 0.5525 0.8088888890625 0.5675 0.8511111109374999 0.57875 0.8044444437499999 0.575 0.73555555625
2 0.51625 0.622222221875 0.51 0.6266666671875 0.505 0.6488888890625 0.5037499999999999 0.71555555625 0.52125 0.7488888890625 0.5275000000000001 0.6888888890625 0.51625 0.622222221875
2 0.6012500000000001 0.682222221875 0.59375 0.6777777781250001 0.58375 0.6888888890625 0.5862499999999999 0.74444444375 0.59875 0.762222221875 0.60375 0.70444444375 0.6012500000000001 0.682222221875
2 0.5575 0.6466666671875 0.5525 0.6333333328124999 0.5375 0.63555555625 0.5349999999999999 0.6777777781250001 0.545 0.7 0.55625 0.67555555625 0.5575 0.6466666671875
2 0.56875 0.657777778125 0.5700000000000001 0.597777778125 0.5675 0.5888888890625 0.5587500000000001 0.5933333328125 0.5549999999999999 0.6 0.55625 0.6311111109375 0.5625 0.6533333328125 0.56875 0.657777778125
1 0.6174999999999999 0.5333333328125 0.6025 0.5 0.5725 0.5 0.5662499999999999 0.5133333328125 0.56375 0.5555555562500001 0.575 0.5911111109375 0.6224999999999999 0.5888888890625 0.6174999999999999 0.5333333328125
1 0.72 0.5866666671874999 0.72375 0.57555555625 0.7224999999999999 0.5355555562500001 0.7150000000000001 0.5088888890625001 0.6975 0.4888888890625 0.68875 0.4888888890625 0.6849999999999999 0.477777778125 0.6587500000000001 0.49555555625 0.64625 0.5177777781249999 0.6475 0.557777778125 0.66875 0.5888888890625 0.70875 0.58 0.72 0.5866666671874999
1 0.8925000000000001 0.9266666671875001 0.9075 0.98444444375 0.9237500000000001 0.9977777781249999 0.9550000000000001 0.9977777781249999 0.97 0.982222221875 0.99875 0.98444444375 0.99875 0.78 0.9475 0.73555555625 0.8862500000000001 0.737777778125 0.845 0.7488888890625 0.83125 0.762222221875 0.8262499999999999 0.7911111109375 0.83125 0.8533333328125 0.8625 0.8800000000000001 0.8925000000000001 0.9266666671875001
1 0.8150000000000001 0.6533333328125 0.8387499999999999 0.6133333328125 0.85125 0.6133333328125 0.85625 0.63555555625 0.8625 0.6311111109375 0.86 0.5866666671874999 0.8324999999999999 0.54 0.78 0.5377777781249999 0.76375 0.54444444375 0.7525000000000001 0.56444444375 0.755 0.6066666671875 0.77625 0.61555555625 0.795 0.6533333328125 0.8150000000000001 0.6533333328125
1 0.66125 0.48666666718749996 0.6587500000000001 0.45555555625000005 0.64375 0.4311111109375 0.61625 0.4311111109375 0.6012500000000001 0.4533333328125 0.6012500000000001 0.48444444375 0.6174999999999999 0.5066666671875 0.65 0.50444444375 0.66125 0.48666666718749996
2 0.86 0.7111111109375 0.865 0.6888888890625 0.86 0.662222221875 0.8525 0.6533333328125 0.8525 0.622222221875 0.8474999999999999 0.6088888890625 0.8400000000000001 0.602222221875 0.8375 0.62 0.81875 0.6511111109375001 0.8162499999999999 0.682222221875 0.8225 0.6977777781250001 0.8550000000000001 0.71555555625 0.86 0.7111111109375