2 0.575 0.8051851843750001 0.58125 0.78444444375 0.5675 0.72 0.55625 0.722222221875 0.54625 0.777777778125 0.55 0.8533333328125 0.56375 0.8911111109375 0.5725 0.86 0.575 0.8051851843750001
2 0.75625 0.92444444375 0.76875 0.8888888890625 0.75875 0.8444444437499999 0.73375 0.8466666671875 0.725 0.837777778125 0.725 0.8133333328125 0.71375 0.78444444375 0.71375 0.7711111109375001 0.70625 0.777777778125 0.70375 0.8177777781250001 0.6925 0.82 0.6637500000000001 0.8711111109375 0.6637500000000001 0.9044444437499999 0.67375 0.917777778125 0.705 0.9088888890625 0.75625 0.92444444375
2 0.5225 0.7866666671875 0.5225 0.7288888890624999 0.5125 0.6866666671874999 0.5037499999999999 0.6888888890625 0.49749999999999994 0.74 0.5037499999999999 0.802222221875 0.51375 0.8288888890624999 0.5225 0.7866666671875
1 0.68625 0.8222222218749999 0.70125 0.8066666671875 0.70375 0.7933333328125001 0.71875 0.7866666671875 0.7275 0.8111111109375001 0.7424999999999999 0.8088888890625 0.7462500000000001 0.782222221875 0.73875 0.72 0.73 0.7088888890625 0.7112499999999999 0.6555555562500001 0.6925 0.6266666671875 0.6725 0.6044444437500001 0.64375 0.6066666671875 0.63125 0.617777778125 0.6224999999999999 0.6488888890625 0.62625 0.74 0.6475 0.78 0.6599999999999999 0.8222222218749999 0.68625 0.8222222218749999
1 0.8275 0.8044444437499999 0.8400000000000001 0.82444444375 0.845 0.8577777781249999 0.8525 0.8688888890625 0.91625 0.8511111109374999 0.93875 0.862222221875 0.9625 0.8444444437499999 0.9662499999999999 0.82444444375 0.9637499999999999 0.777777778125 0.9512499999999999 0.722222221875 0.905 0.6733333328125 0.8800000000000001 0.66444444375 0.82875 0.6688888890625 0.8 0.6799999999999999 0.7875 0.7022222218749999 0.78625 0.7511111109375 0.79125 0.777777778125 0.8150000000000001 0.7888888890625 0.8275 0.8044444437499999
1 0.8474999999999999 0.6488888890625 0.8699999999999999 0.6533333328125 0.9037499999999999 0.662222221875 0.92125 0.68444444375 0.9349999999999999 0.6866666671874999 0.9475 0.7133333328125 0.95875 0.70444444375 0.9637499999999999 0.6533333328125 0.96 0.64 0.9425000000000001 0.6111111109375 0.905 0.5866666671874999 0.8487500000000001 0.58444444375 0.82 0.6 0.81125 0.6244444437500001 0.8125 0.6688888890625 0.8162499999999999 0.6733333328125 0.8412499999999999 0.66444444375 0.8474999999999999 0.6488888890625
2 0.5175 0.6533333328125 0.5175 0.6088888890625 0.505 0.577777778125 0.49625 0.602222221875 0.49749999999999994 0.66444444375 0.5037499999999999 0.682222221875 0.51125 0.682222221875 0.5175 0.6533333328125
2 0.57125 0.6088888890625 0.5675 0.6066666671875 0.5599999999999999 0.6333333328124999 0.5625 0.66444444375 0.58 0.7022222218749999 0.58375 0.6733333328125 0.57125 0.6088888890625
1 0.63625 0.6066666671875 0.6375 0.5933333328125 0.62625 0.5511111109375 0.61125 0.52444444375 0.58125 0.52444444375 0.5675 0.5533333328125 0.5675 0.5911111109375 0.5825 0.6311111109375 0.6224999999999999 0.6244444437500001 0.63625 0.6066666671875
1 0.7212500000000001 0.57555555625 0.7262500000000001 0.56444444375 0.725 0.5177777781249999 0.7150000000000001 0.5 0.70125 0.4911111109375 0.67 0.4911111109375 0.6537499999999999 0.5133333328125 0.65625 0.5511111109375 0.6775 0.58 0.70625 0.5688888890625 0.7212500000000001 0.57555555625
1 0.55375 0.4533333328125 0.5549999999999999 0.4266666671875 0.5475 0.4 0.5349999999999999 0.3866666671875 0.52 0.3911111109375 0.51375 0.4 0.51625 0.44888888906249996 0.52125 0.457777778125 0.55375 0.4533333328125
1 0.65 0.49555555625 0.6537499999999999 0.48666666718749996 0.65125 0.44444444375 0.6375 0.42444444375 0.60625 0.42222222187499997 0.595 0.43777777812499996 0.595 0.4733333328125 0.61125 0.5 0.6325000000000001 0.4888888890625 0.65 0.49555555625