2 0.585 0.577777778125 0.5725 0.5377777781249999 0.56375 0.562222221875 0.5625 0.61555555625 0.57875 0.64444444375 0.585 0.62 0.585 0.577777778125
2 0.48 0.5355555562500001 0.47000000000000003 0.51555555625 0.46125 0.5311111109375 0.4625 0.5911111109375 0.47375 0.6066666671875 0.47874999999999995 0.5866666671874999 0.48 0.5355555562500001
2 0.575 0.9111111109375001 0.58 0.93555555625 0.585 0.937777778125 0.5974999999999999 0.8533333328125 0.5974999999999999 0.81555555625 0.575 0.7533333328125 0.5675 0.757777778125 0.55625 0.8044444437499999 0.5525 0.8355555562499999 0.5599999999999999 0.8755555562499999 0.5675 0.9066666671875 0.575 0.9111111109375001
2 0.68125 0.942222221875 0.68625 0.9266666671875001 0.68125 0.8933333328125 0.6625 0.8444444437499999 0.65625 0.8488888890625 0.6487499999999999 0.877777778125 0.6475 0.9622222218750001 0.6525000000000001 0.9977777781249999 0.68125 0.9977777781249999 0.68125 0.942222221875
2 0.5025000000000001 0.43777777812499996 0.49375 0.41333333281250006 0.48875 0.41555555625 0.4875 0.44444444375 0.49749999999999994 0.482222221875 0.5025000000000001 0.46666666718750005 0.5025000000000001 0.43777777812499996
1 0.82125 0.82444444375 0.83375 0.85555555625 0.91625 0.8466666671875 0.93 0.8333333328125001 0.93125 0.78 0.91625 0.722222221875 0.87375 0.6711111109375001 0.8225 0.6688888890625 0.79125 0.6777777781250001 0.7787499999999999 0.6888888890625 0.7737499999999999 0.70444444375 0.7725 0.7244444437500001 0.78125 0.7488888890625 0.7825 0.7711111109375001 0.82125 0.82444444375
1 0.9550000000000001 0.8333333328125001 0.99875 0.8311111109375 0.99875 0.6777777781250001 0.9824999999999999 0.6688888890625 0.945 0.6688888890625 0.89875 0.6866666671874999 0.89625 0.6933333328125 0.91875 0.7244444437500001 0.93625 0.7977777781250001 0.9550000000000001 0.8333333328125001
1 0.77 0.6333333328124999 0.76875 0.597777778125 0.7424999999999999 0.5599999999999999 0.6950000000000001 0.5466666671875 0.675 0.562222221875 0.67375 0.597777778125 0.705 0.6533333328125 0.76125 0.6466666671875 0.77 0.6333333328124999
1 0.88375 0.6733333328125 0.8887499999999999 0.662222221875 0.8787499999999999 0.63555555625 0.88375 0.622222221875 0.87625 0.602222221875 0.85 0.5711111109375 0.8025 0.5711111109375 0.775 0.5911111109375 0.7775000000000001 0.63555555625 0.8099999999999999 0.6711111109375001 0.8625 0.662222221875 0.88375 0.6733333328125
1 0.7725 0.5511111109375 0.7725 0.51555555625 0.765 0.48666666718749996 0.7474999999999999 0.4688888890625 0.7112499999999999 0.4711111109375 0.6950000000000001 0.49555555625 0.69625 0.54 0.72375 0.542222221875 0.74875 0.557777778125 0.7725 0.5511111109375
1 0.665 0.5177777781249999 0.67 0.5088888890625001 0.67 0.4688888890625 0.665 0.4511111109375 0.6537499999999999 0.43777777812499996 0.62375 0.43777777812499996 0.61125 0.45999999999999996 0.61125 0.497777778125 0.62625 0.51555555625 0.65625 0.5111111109375 0.665 0.5177777781249999
1 0.61875 0.43555555625000003 0.61625 0.41333333281250006 0.6075 0.397777778125 0.5875 0.397777778125 0.5775 0.41111111093749997 0.57875 0.43555555625000003 0.5875 0.4511111109375 0.61 0.44888888906249996 0.61875 0.43555555625000003
2 0.95078125 0.6171875 0.04921875 0.09921875
2 0.88984375 0.61640625 0.03515625 0.09375
2 0.8 0.53984375 0.02578125 0.06484375
2 0.86953125 0.55234375 0.0265625 0.06953125
2 0.90234375 0.596875 0.03046875 0.10546875