1 0.65625 0.85555555625 0.71875 0.85555555625 0.7212500000000001 0.79555555625 0.705 0.7288888890624999 0.7112499999999999 0.72 0.66625 0.637777778125 0.6575 0.6288888890625 0.60625 0.637777778125 0.59875 0.6799999999999999 0.6012500000000001 0.777777778125 0.62625 0.8711111109375 0.63625 0.86 0.65625 0.85555555625
2 0.57125 0.76444444375 0.57375 0.7266666671875 0.55625 0.6866666671874999 0.545 0.70444444375 0.54625 0.7866666671875 0.5599999999999999 0.8066666671875 0.56375 0.777777778125 0.57125 0.76444444375
1 0.635 0.622222221875 0.62625 0.58 0.61125 0.5488888890625 0.57375 0.5511111109375 0.57125 0.5911111109375 0.58 0.61555555625 0.5974999999999999 0.6333333328124999 0.635 0.622222221875
1 0.52625 0.48666666718749996 0.5125 0.45555555625000005 0.49124999999999996 0.4533333328125 0.48375 0.482222221875 0.48250000000000004 0.5133333328125 0.49375 0.5355555562500001 0.5287499999999999 0.54444444375 0.52625 0.48666666718749996
1 0.6012500000000001 0.5288888890625 0.58375 0.47555555624999996 0.5599999999999999 0.477777778125 0.55125 0.49555555625 0.54875 0.5377777781249999 0.5525 0.5466666671875 0.5925 0.54 0.6012500000000001 0.5288888890625
1 0.8099999999999999 0.7533333328125 0.8256249999999999 0.7311111109375 0.835 0.7333333328125 0.84375 0.7533333328125 0.8825 0.7511111109375 0.89625 0.737777778125 0.89375 0.6711111109375001 0.8875 0.642222221875 0.8724999999999999 0.617777778125 0.84375 0.6 0.81375 0.6 0.7887500000000001 0.6066666671875 0.7575000000000001 0.63555555625 0.755 0.6688888890625 0.75875 0.6933333328125 0.79875 0.722222221875 0.8099999999999999 0.7533333328125
1 0.9550000000000001 0.6533333328125 0.95 0.6333333328124999 0.93875 0.617777778125 0.9099999999999999 0.597777778125 0.8625 0.6088888890625 0.8862500000000001 0.637777778125 0.9 0.7266666671875 0.95875 0.71555555625 0.9550000000000001 0.6533333328125
1 0.755 0.6333333328124999 0.7825 0.6 0.77125 0.5555555562500001 0.7525000000000001 0.5266666671875 0.7112499999999999 0.5311111109375 0.6912499999999999 0.5511111109375 0.6925 0.5911111109375 0.71 0.6044444437500001 0.72375 0.6333333328124999 0.755 0.6333333328124999
2 0.525 0.8800000000000001 0.52 0.837777778125 0.50625 0.837777778125 0.5025000000000001 0.8488888890625 0.50625 0.9133333328125 0.51375 0.92444444375 0.525 0.8800000000000001
2 0.595 0.9466666671875 0.59875 0.9311111109375 0.57875 0.8644444437500001 0.57125 0.8644444437500001 0.5675 0.8866666671875001 0.5587500000000001 0.89555555625 0.5549999999999999 0.9088888890625 0.5575 0.9977777781249999 0.5962500000000001 0.9977777781249999 0.595 0.9466666671875
2 0.45125000000000004 0.6777777781250001 0.43875000000000003 0.6488888890625 0.42874999999999996 0.67555555625 0.42874999999999996 0.7511111109375 0.4425 0.7688888890625 0.45125000000000004 0.73555555625 0.45125000000000004 0.6777777781250001
1 0.65625 0.52 0.68125 0.52444444375 0.6837500000000001 0.4888888890625 0.6675 0.45555555625000005 0.6325000000000001 0.4533333328125 0.6224999999999999 0.462222221875 0.6174999999999999 0.4711111109375 0.6174999999999999 0.497777778125 0.63625 0.5266666671875 0.65625 0.52
1 0.85875 0.5911111109375 0.85625 0.562222221875 0.83375 0.52444444375 0.775 0.5133333328125 0.75875 0.5288888890625 0.795 0.597777778125 0.85375 0.6 0.85875 0.5911111109375
2 0.8012499999999999 0.8933333328125 0.8125 0.9311111109375 0.8175000000000001 0.9311111109375 0.8162499999999999 0.9199999999999999 0.8237500000000001 0.9066666671875 0.85125 0.9333333328125001 0.865 0.9199999999999999 0.86625 0.8866666671875001 0.87375 0.8755555562499999 0.8724999999999999 0.8444444437499999 0.8487500000000001 0.7866666671875 0.82875 0.7666666671875 0.82875 0.75555555625 0.8099999999999999 0.76 0.8025 0.7888888890625 0.7837500000000001 0.7888888890625 0.7875 0.8111111109375001 0.775 0.8177777781250001 0.77 0.85555555625 0.7775000000000001 0.89555555625 0.79125 0.9 0.8012499999999999 0.8933333328125