2 0.54125 0.782222221875 0.54375 0.72 0.525 0.67555555625 0.52 0.6799999999999999 0.51375 0.7266666671875 0.5125 0.7511111109375 0.5175 0.7511111109375 0.53 0.782222221875 0.54125 0.782222221875
1 0.62625 0.6 0.63375 0.5822222218750001 0.63 0.5711111109375 0.61 0.557777778125 0.585 0.5666666671875 0.57625 0.5866666671874999 0.575 0.6288888890625 0.5925 0.682222221875 0.62625 0.682222221875 0.62625 0.6
1 0.615 0.5377777781249999 0.60375 0.497777778125 0.5900000000000001 0.477777778125 0.5599999999999999 0.48444444375 0.55625 0.4933333328125 0.55625 0.54 0.56875 0.577777778125 0.61375 0.5511111109375 0.615 0.5377777781249999
5 0.70875 0.662222221875 0.7075 0.6244444437500001 0.68125 0.58444444375 0.6287499999999999 0.5888888890625 0.63 0.6799999999999999 0.645 0.682222221875 0.6575 0.6599999999999999 0.70875 0.662222221875
1 0.71875 0.5288888890625 0.7025 0.4911111109375 0.6725 0.4911111109375 0.6487499999999999 0.5066666671875 0.6475 0.5466666671875 0.66875 0.57555555625 0.71875 0.5666666671875 0.71875 0.5288888890625
1 0.8699999999999999 0.717777778125 0.88375 0.70444444375 0.88375 0.657777778125 0.875 0.6133333328125 0.8412499999999999 0.58 0.7887500000000001 0.58 0.75875 0.602222221875 0.7537499999999999 0.61555555625 0.755 0.662222221875 0.79125 0.6933333328125 0.8025 0.7244444437500001 0.8699999999999999 0.717777778125
2 0.61875 0.9111111109375001 0.61375 0.8933333328125 0.5962500000000001 0.8511111109374999 0.5862499999999999 0.8577777781249999 0.5862499999999999 0.8755555562499999 0.57875 0.8888888890625 0.57625 0.917777778125 0.5875 0.9977777781249999 0.615 0.9977777781249999 0.61875 0.9111111109375001
2 0.6625 0.91555555625 0.6587500000000001 0.8355555562499999 0.63875 0.782222221875 0.63 0.777777778125 0.6275000000000001 0.7933333328125001 0.62625 0.89555555625 0.6325000000000001 0.922222221875 0.655 0.96444444375 0.6625 0.91555555625
5 0.6525000000000001 0.7933333328125001 0.6575 0.8 0.6725 0.7933333328125001 0.71375 0.7977777781250001 0.72375 0.7666666671875 0.7212500000000001 0.717777778125 0.71 0.6711111109375001 0.705 0.66444444375 0.65625 0.6688888890625 0.6599999999999999 0.6911111109375 0.655 0.70444444375 0.64625 0.70444444375 0.6525000000000001 0.7933333328125001
2 0.5525 0.922222221875 0.5525 0.837777778125 0.5349999999999999 0.7866666671875 0.5225 0.82 0.52 0.8466666671875 0.53 0.93555555625 0.54625 0.9577777781249999 0.5525 0.922222221875
2 0.5037499999999999 0.8355555562499999 0.5037499999999999 0.7911111109375 0.49375 0.7688888890625 0.48875 0.78 0.47750000000000004 0.782222221875 0.47625 0.8222222218749999 0.48250000000000004 0.8533333328125 0.49749999999999994 0.8711111109375 0.5037499999999999 0.8355555562499999
2 0.75875 0.9066666671875 0.74875 0.91555555625 0.75125 0.9977777781249999 0.7775000000000001 0.9977777781249999 0.77125 0.9133333328125 0.75875 0.9066666671875
2 0.57125 0.8688888890625 0.58 0.877777778125 0.58375 0.8755555562499999 0.58375 0.85555555625 0.5962500000000001 0.8422222218750001 0.5900000000000001 0.8088888890625 0.5925 0.78444444375 0.58 0.757777778125 0.57625 0.73555555625 0.5675 0.74444444375 0.5700000000000001 0.757777778125 0.5599999999999999 0.782222221875 0.5599999999999999 0.8266666671875 0.57125 0.8688888890625