1 0.5494791671875 0.9074074078125 0.5611979171875 0.8981481484374999 0.5833333328125 0.902777778125 0.5963541671875 0.884259259375 0.60546875 0.840277778125 0.62109375 0.8009259265625 0.62109375 0.7546296296875 0.6145833328125 0.7129629625 0.5989583328125 0.678240740625 0.5598958328125 0.652777778125 0.5403645828125 0.6550925921874999 0.5026041671875 0.6805555562500001 0.4309895828125 0.7430555562500001 0.3489583328125 0.8703703703125001 0.3372395828125 0.909722221875 0.3411458328125 0.9768518515625001 0.3580729171875 0.9976851859375 0.4752604171875 0.9976851859375 0.5494791671875 0.9074074078125
1 0.10546875 0.365740740625 0.1106770828125 0.38194444375000003 0.12109375 0.384259259375 0.1315104171875 0.40277777812500004 0.1471354171875 0.4583333328125 0.1875 0.45370370312499997 0.20052083281250002 0.4606481484375 0.20833333281250002 0.44907407343749994 0.20963541718749998 0.40972222187499996 0.20442708281250002 0.391203703125 0.1927083328125 0.35648148125 0.1692708328125 0.328703703125 0.1341145828125 0.303240740625 0.1028645828125 0.30555555624999997 0.09114583281250001 0.31944444375000003 0.08723958281250001 0.3333333328125 0.09114583281250001 0.3958333328125 0.09375 0.365740740625 0.10546875 0.365740740625
1 0.05598958281250001 0.3148148140625 0.06770833281250001 0.3611111109375 0.08463541718749999 0.3611111109375 0.08984375 0.3171296296875 0.1080729171875 0.3009259265625 0.09244791718749999 0.26851851875 0.0703125 0.2476851859375 0.0234375 0.25 0.0234375 0.29398148125 0.03125 0.2986111109375 0.0390625 0.321759259375 0.05598958281250001 0.3148148140625
2 0.6653645828125 0.8495370375 0.65234375 0.8356481484374999 0.6510416671875 0.8078703703125001 0.64453125 0.79398148125 0.6341145828125 0.803240740625 0.6302083328125 0.828703703125 0.6184895828125 0.8425925921875 0.61328125 0.9930555562500001 0.6497395828125 0.9976851859375 0.6666666671875 0.8703703703125001 0.6653645828125 0.8495370375
2 0.6888020828125 0.8009259265625 0.6888020828125 0.8194444437499999 0.6966145828125 0.8240740734375 0.7057291671875 0.7731481484375 0.7057291671875 0.7268518515625 0.6848958328125 0.703703703125 0.6666666671875 0.7245370375 0.6653645828125 0.8101851859375 0.6770833328125 0.784722221875 0.6822916671875 0.784722221875 0.6888020828125 0.8009259265625
2 0.7083333328125 0.7523148140625 0.71484375 0.7569444437499999 0.7200520828125 0.777777778125 0.73046875 0.75 0.7278645828125 0.7291666671875 0.7356770828125 0.6828703703125 0.7252604171875 0.6180555562500001 0.7109375 0.6134259265625001 0.7083333328125 0.6365740734374999 0.6953125 0.6550925921874999 0.6848958328125 0.6851851859375 0.6901041671875 0.70601851875 0.703125 0.715277778125 0.7083333328125 0.7523148140625
2 0.3190104171875 0.8125 0.3229166671875 0.7268518515625 0.3190104171875 0.7106481484375 0.2955729171875 0.6875 0.2721354171875 0.722222221875 0.27734375 0.840277778125 0.2864583328125 0.8680555562500001 0.2942708328125 0.875 0.3190104171875 0.8125
2 0.2903645828125 0.6851851859375 0.3098958328125 0.6921296296875 0.3177083328125 0.634259259375 0.3033854171875 0.5740740734374999 0.2890625 0.5601851859375 0.2760416671875 0.5694444437499999 0.26953125 0.5879629625 0.2734375 0.6134259265625001 0.2669270828125 0.652777778125 0.2786458328125 0.696759259375 0.2903645828125 0.6851851859375
2 0.6080729171875 0.4768518515625 0.6184895828125 0.4583333328125 0.6145833328125 0.4236111109375 0.5885416671875 0.4236111109375 0.5755208328125 0.4050925921875 0.5638020828125 0.4074074078125 0.5546875 0.4421296296875 0.5533854171875 0.4583333328125 0.55859375 0.47222222187499996 0.58203125 0.46527777812500004 0.6080729171875 0.4768518515625
2 0.09895833281250001 0.5254629625 0.09635416718749999 0.4791666671875 0.0625 0.4513888890625 0.05989583281250001 0.4375 0.0442708328125 0.46527777812500004 0.0403645828125 0.48379629687500003 0.0481770828125 0.5578703703125 0.08333333281250001 0.5763888890625 0.09895833281250001 0.5254629625
2 0.8541666671874999 0.6944444437499999 0.8515625 0.6481481484375 0.8307291671874999 0.6504629625 0.82421875 0.66898148125 0.8203125 0.6851851859375 0.8216145828125001 0.7384259265625001 0.8411458328125001 0.7199074078125001 0.8541666671874999 0.6944444437499999
2 0.2513020828125 0.42592592656250006 0.2421875 0.43055555625 0.23958333281250002 0.446759259375 0.23828125 0.47222222187499996 0.2552083328125 0.49305555625 0.2591145828125 0.43518518593750005 0.2513020828125 0.42592592656250006