2 0.23046875 0.75 0.23697916718749998 0.6296296296875 0.23307291718749998 0.6041666671875 0.20442708281250002 0.571759259375 0.1940104171875 0.60648148125 0.1888020828125 0.6643518515625 0.20052083281250002 0.7129629625 0.22005208281250002 0.7291666671875 0.23046875 0.75
2 0.4973958328125 0.5648148140625 0.5078125 0.5509259265625001 0.5026041671875 0.527777778125 0.5052083328125 0.5 0.4869791671875 0.44444444375 0.4596354171875 0.48379629687500003 0.4544270828125 0.5069444437499999 0.4544270828125 0.5416666671875 0.4622395828125 0.5509259265625001 0.484375 0.553240740625 0.4973958328125 0.5648148140625
2 0.4401041671875 0.446759259375 0.42578125 0.3888888890625 0.4192708328125 0.384259259375 0.3997395828125 0.41898148125 0.3984375 0.4699074078125 0.4348958328125 0.49305555625 0.4401041671875 0.48148148125 0.4401041671875 0.446759259375
2 0.08333333281250001 0.5069444437499999 0.07552083281250001 0.4050925921875 0.06119791718749999 0.4074074078125 0.0481770828125 0.4328703703125 0.0455729171875 0.45370370312499997 0.05078125 0.509259259375 0.07942708281250001 0.5208333328125 0.08333333281250001 0.5069444437499999
2 0.1263020828125 0.4328703703125 0.1158854171875 0.4328703703125 0.1067708328125 0.45601851875 0.1067708328125 0.5046296296875 0.1145833328125 0.5138888890625 0.1458333328125 0.4861111109375 0.1263020828125 0.4328703703125
2 0.94921875 0.4166666671875 0.9440104171874999 0.384259259375 0.9348958328125001 0.38194444375000003 0.9192708328125001 0.3958333328125 0.91015625 0.4236111109375 0.9140625 0.48148148125 0.9427083328125001 0.4791666671875 0.9427083328125001 0.446759259375 0.94921875 0.4166666671875
1 0.2513020828125 0.6550925921874999 0.3125 0.6388888890625 0.3450520828125 0.60648148125 0.3411458328125 0.5625 0.32421875 0.51851851875 0.26953125 0.43055555625 0.24739583281250002 0.4166666671875 0.21875 0.42129629687500003 0.20182291718749998 0.4375 0.1940104171875 0.45370370312499997 0.20052083281250002 0.5555555562500001 0.234375 0.5995370375 0.2513020828125 0.6550925921874999
1 0.3255208328125 0.8379629625 0.34375 0.8541666671874999 0.3880208328125 0.9699074078125 0.40234375 0.9884259265625 0.4388020828125 0.9976851859375 0.55078125 0.9953703703125001 0.5559895828125 0.9675925921875 0.5520833328125 0.9143518515625001 0.52734375 0.8379629625 0.5104166671875 0.8125 0.5143229171875 0.7824074078125001 0.49609375 0.7731481484375 0.4153645828125 0.6296296296875 0.3997395828125 0.6111111109375 0.3515625 0.6134259265625001 0.3190104171875 0.641203703125 0.3098958328125 0.6666666671875 0.3098958328125 0.7083333328125 0.3177083328125 0.7199074078125001 0.3138020828125 0.777777778125 0.3255208328125 0.8379629625
1 0.8489583328125001 0.8194444437499999 0.859375 0.8078703703125001 0.8658854171874999 0.784722221875 0.9075520828125001 0.740740740625 0.9192708328125001 0.7384259265625001 0.9296875 0.6666666671875 0.9036458328125001 0.634259259375 0.8294270828125001 0.608796296875 0.78515625 0.652777778125 0.7578125 0.703703703125 0.7526041671875 0.740740740625 0.7552083328125 0.7731481484375 0.76953125 0.7893518515625 0.81640625 0.8194444437499999 0.8489583328125001 0.8194444437499999
1 0.1302083328125 0.43055555625 0.1770833328125 0.428240740625 0.1875 0.41898148125 0.1861979171875 0.3518518515625 0.1614583328125 0.27777777812500004 0.125 0.2476851859375 0.07552083281250001 0.25 0.07291666718749999 0.259259259375 0.07161458281250001 0.3263888890625 0.07942708281250001 0.3726851859375 0.09114583281250001 0.391203703125 0.1302083328125 0.43055555625
1 0 0.3796296296875 0.009114582812499999 0.4143518515625 0.0234375 0.41898148125 0.07421875 0.3981481484375 0.07421875 0.365740740625 0.0625 0.328703703125 0.0442708328125 0.296296296875 0.0247395828125 0.2800925921875 0 0.2800925921875 0 0.3796296296875
2 0.6184895828125 0.4606481484375 0.6145833328125 0.4236111109375 0.5859375 0.42129629687500003 0.5768229171875 0.4050925921875 0.5625 0.4050925921875 0.5559895828125 0.41898148125 0.5533854171875 0.4583333328125 0.55859375 0.47222222187499996 0.6080729171875 0.4768518515625 0.6184895828125 0.4606481484375
2 0.24739583281250002 0.840277778125 0.22265625 0.7986111109375 0.21484375 0.8055555562500001 0.203125 0.8495370375 0.203125 0.9143518515625001 0.24739583281250002 0.9884259265625 0.2552083328125 0.89351851875 0.24739583281250002 0.840277778125