1 0.38720703125 0.8712384265625 0.4036458328125 0.91898148125 0.42578125 0.9328703703125001 0.46484375 0.9328703703125001 0.5052083328125 0.9074074078125 0.5130208328125 0.891203703125 0.5182291671875 0.8333333328125001 0.4986979171875 0.7800925921874999 0.48828125 0.7268518515625 0.4631076390625 0.7029321000000001 0.42578125 0.6458333328125 0.4088541671875 0.6296296296875 0.3684895828125 0.6226851859375 0.32421875 0.641203703125 0.3151041671875 0.6620370375 0.3138020828125 0.7245370375 0.3216145828125 0.777777778125 0.33984375 0.7870370375 0.38720703125 0.8712384265625
1 0.2513020828125 0.6643518515625 0.3059895828125 0.6643518515625 0.3385416671875 0.6226851859375 0.33984375 0.60648148125 0.328125 0.5740740734374999 0.32421875 0.5416666671875 0.2799479171875 0.48379629687500003 0.24739583281250002 0.4768518515625 0.203125 0.5046296296875 0.20052083281250002 0.5578703703125 0.20572916718749998 0.5879629625 0.23958333281250002 0.6296296296875 0.2513020828125 0.6643518515625
1 0.1158854171875 0.4768518515625 0.1236979171875 0.48148148125 0.1302083328125 0.46527777812500004 0.1510416671875 0.4861111109375 0.1614583328125 0.509259259375 0.1927083328125 0.5046296296875 0.203125 0.490740740625 0.1966145828125 0.40277777812500004 0.16796875 0.3611111109375 0.1458333328125 0.3078703703125 0.1184895828125 0.2800925921875 0.07942708281250001 0.28472222187499996 0.07161458281250001 0.3125 0.07161458281250001 0.34027777812500004 0.09505208281250001 0.43518518593750005 0.1158854171875 0.4768518515625
2 0.08854166718749999 0.5949074078125001 0.08333333281250001 0.5300925921874999 0.06770833281250001 0.49768518593750005 0.0546875 0.51851851875 0.0546875 0.597222221875 0.06380208281250001 0.6226851859375 0.08333333281250001 0.6365740734374999 0.08854166718749999 0.5949074078125001
1 0.1744791671875 0.384259259375 0.12890625 0.3888888890625 0.1263020828125 0.41898148125 0.1341145828125 0.43055555625 0.1875 0.41898148125 0.1744791671875 0.384259259375
1 0 0.3263888890625 0.013020832812499999 0.3518518515625 0.06119791718749999 0.3518518515625 0.06510416718749999 0.3449074078125 0.0625 0.2986111109375 0.05078125 0.2731481484375 0.0286458328125 0.2615740734375 0.0078125 0.2638888890625 0 0.2870370375 0 0.3263888890625
2 0.4830729171875 0.6759259265625001 0.5013020828125 0.6851851859375 0.51171875 0.6550925921874999 0.5091145828125 0.6203703703125 0.5052083328125 0.6134259265625001 0.4934895828125 0.6180555562500001 0.4856770828125 0.64351851875 0.4739583328125 0.6504629625 0.4752604171875 0.6620370375 0.4830729171875 0.6759259265625001
2 0.2682291671875 0.9976851859375 0.2799479171875 0.9629629625 0.2786458328125 0.8981481484374999 0.2669270828125 0.840277778125 0.2552083328125 0.8194444437499999 0.24739583281250002 0.7731481484375 0.23177083281250002 0.7523148140625 0.22005208281250002 0.777777778125 0.21354166718749998 0.840277778125 0.21614583281250002 0.8634259265625 0.2109375 0.9259259265625 0.25390625 0.9976851859375 0.2682291671875 0.9976851859375
2 0.1627604171875 0.6759259265625001 0.1731770828125 0.715277778125 0.1809895828125 0.66898148125 0.1809895828125 0.615740740625 0.1875 0.5995370375 0.1653645828125 0.54398148125 0.1484375 0.553240740625 0.140625 0.5949074078125001 0.14453125 0.6388888890625 0.1536458328125 0.671296296875 0.1627604171875 0.6759259265625001
2 0.6028645828125 0.4791666671875 0.6145833328125 0.47222222187499996 0.6197916671875 0.45601851875 0.6145833328125 0.4236111109375 0.5859375 0.42129629687500003 0.5768229171875 0.4050925921875 0.5638020828125 0.4050925921875 0.5572916671875 0.41898148125 0.5533854171875 0.45370370312499997 0.55859375 0.47222222187499996 0.5846354171875 0.46527777812500004 0.6028645828125 0.4791666671875
2 0.6106770828125 0.7546296296875 0.6171875 0.7546296296875 0.6328125 0.722222221875 0.6236979171875 0.6875 0.6263020828125 0.6759259265625001 0.6197916671875 0.634259259375 0.6028645828125 0.5949074078125001 0.5872395828125 0.60648148125 0.5833333328125 0.6273148140625 0.5638020828125 0.6458333328125 0.5572916671875 0.6643518515625 0.5559895828125 0.6851851859375 0.56640625 0.715277778125 0.5885416671875 0.7245370375 0.6106770828125 0.7546296296875
2 0.65625 0.8958333328125001 0.6692708328125 0.91898148125 0.6848958328125 0.91898148125 0.6875 0.9375 0.6966145828125 0.9421296296874999 0.7044270828125 0.909722221875 0.7005208328125 0.8194444437499999 0.6927083328125 0.777777778125 0.6861979171875 0.7708333328125 0.6861979171875 0.7430555562500001 0.6744791671875 0.7361111109375 0.6627604171875 0.76851851875 0.6380208328125 0.7800925921874999 0.6302083328125 0.803240740625 0.62890625 0.840277778125 0.6341145828125 0.865740740625 0.6549479171875 0.8819444437499999 0.65625 0.8958333328125001
2 0.7747395828125 0.865740740625 0.7669270828125 0.8125 0.76953125 0.784722221875 0.7591145828125 0.7453703703125 0.73046875 0.7291666671875 0.6966145828125 0.76851851875 0.703125 0.8541666671874999 0.75 0.9120370375 0.7643229171875 0.909722221875 0.7747395828125 0.865740740625
2 0.20052083281250002 0.8078703703125001 0.19921875 0.8009259265625 0.21744791718749998 0.7800925921874999 0.22786458281250002 0.7476851859375 0.22786458281250002 0.70601851875 0.20442708281250002 0.6481481484375 0.1927083328125 0.6504629625 0.1927083328125 0.66898148125 0.1770833328125 0.7268518515625 0.1901041671875 0.7986111109375 0.20052083281250002 0.8078703703125001