1 0.8216145828125001 0.983796296875 0.84375 0.9930555562500001 0.8619791671874999 0.9884259265625 0.8723958328125001 0.972222221875 0.8815104171874999 0.9236111109375 0.9244791671874999 0.8333333328125001 0.93359375 0.784722221875 0.9348958328125001 0.740740740625 0.91796875 0.715277778125 0.8841145828125001 0.6944444437499999 0.8346354171874999 0.6759259265625001 0.8020833328125001 0.6851851859375 0.7947048609375 0.7168209890624999 0.7578125 0.7870370375 0.7408854171875 0.8379629625 0.7356770828125 0.8796296296874999 0.7356770828125 0.9120370375 0.7408854171875 0.9236111109375 0.8216145828125001 0.983796296875
2 0.109375 0.6643518515625 0.1171875 0.6643518515625 0.1302083328125 0.6875 0.1380208328125 0.6875 0.1393229171875 0.6574074078125001 0.1484375 0.6504629625 0.1471354171875 0.5995370375 0.1419270828125 0.578703703125 0.125 0.5370370375 0.1263020828125 0.527777778125 0.1067708328125 0.5069444437499999 0.08723958281250001 0.51851851875 0.08463541718749999 0.590277778125 0.09244791718749999 0.60648148125 0.09505208281250001 0.6458333328125 0.109375 0.6643518515625
1 0.22005208281250002 0.5069444437499999 0.22395833281250002 0.49768518593750005 0.22526041718749998 0.4699074078125 0.19140625 0.391203703125 0.1640625 0.375 0.1354166671875 0.384259259375 0.1197916671875 0.40277777812500004 0.1263020828125 0.46527777812500004 0.1536458328125 0.516203703125 0.1940104171875 0.516203703125 0.22005208281250002 0.5069444437499999
1 0.09765625 0.3796296296875 0.13671875 0.3796296296875 0.1484375 0.3634259265625 0.140625 0.3240740734375 0.1263020828125 0.2986111109375 0.09765625 0.2731481484375 0.07682291718749999 0.23379629687499998 0.06119791718749999 0.22453703749999998 0.0299479171875 0.22916666718749998 0.0325520828125 0.29398148125 0.0403645828125 0.3078703703125 0.05729166718749999 0.3101851859375 0.09765625 0.3796296296875
2 0.4283854171875 0.865740740625 0.4544270828125 0.8333333328125001 0.4661458328125 0.7453703703125 0.4466145828125 0.733796296875 0.4388020828125 0.7013888890625 0.4296875 0.6990740734374999 0.4162326390625 0.7345678999999999 0.3958333328125 0.766203703125 0.3880208328125 0.8055555562500001 0.3880208328125 0.8263888890625 0.3763020828125 0.8680555562500001 0.3828125 0.902777778125 0.4283854171875 0.865740740625
2 0.2513020828125 0.821759259375 0.2565104171875 0.7268518515625 0.2513020828125 0.715277778125 0.23567708281250002 0.722222221875 0.23177083281250002 0.6921296296875 0.22395833281250002 0.6921296296875 0.21614583281250002 0.7083333328125 0.20963541718749998 0.7361111109375 0.21223958281250002 0.8055555562500001 0.22265625 0.7986111109375 0.2513020828125 0.821759259375
2 0.3229166671875 0.6875 0.3216145828125 0.6990740734374999 0.3333333328125 0.7013888890625 0.33984375 0.66898148125 0.3411458328125 0.6180555562500001 0.3294270828125 0.608796296875 0.3190104171875 0.58101851875 0.3059895828125 0.60648148125 0.2981770828125 0.6365740734374999 0.2981770828125 0.6736111109375 0.3151041671875 0.671296296875 0.3229166671875 0.6875
2 0.3463541671875 0.48148148125 0.3333333328125 0.45601851875 0.3138020828125 0.4675925921875 0.3255208328125 0.5578703703125 0.3411458328125 0.546296296875 0.3450520828125 0.5324074078125001 0.3463541671875 0.48148148125
2 0.7252604171875 0.6296296296875 0.7135416671875 0.5833333328125 0.7044270828125 0.5833333328125 0.6966145828125 0.6041666671875 0.6888020828125 0.60648148125 0.6770833328125 0.6666666671875 0.6744791671875 0.7129629625 0.6809895828125 0.73148148125 0.7200520828125 0.70601851875 0.7252604171875 0.6296296296875
2 0.9010416671874999 0.5324074078125001 0.90234375 0.5 0.8958333328125001 0.47222222187499996 0.890625 0.4699074078125 0.8723958328125001 0.49305555625 0.8671875 0.5300925921874999 0.8658854171874999 0.578703703125 0.8723958328125001 0.590277778125 0.8919270828125001 0.5671296296875 0.9010416671874999 0.5324074078125001
2 0.7708333328125 0.5694444437499999 0.7591145828125 0.5254629625 0.75 0.527777778125 0.7447916671875 0.5601851859375 0.734375 0.5833333328125 0.7317708328125 0.608796296875 0.7395833328125 0.6226851859375 0.76953125 0.60648148125 0.7708333328125 0.5694444437499999