1 0.3098958328125 0.98148148125 0.30859375 0.9583333328125001 0.3203125 0.9398148140625 0.34375 0.9583333328125001 0.36328125 0.9976851859375 0.45703125 0.9398148140625 0.47265625 0.9074074078125 0.5052083328125 0.8796296296874999 0.5247395828125 0.902777778125 0.5286458328125 0.8865740734375 0.5572916671875 0.85648148125 0.5572916671875 0.8009259265625 0.5481770828125 0.7615740734374999 0.5234375 0.73148148125 0.4388020828125 0.722222221875 0.38671875 0.7476851859375 0.3515625 0.7824074078125001 0.3372395828125 0.7870370375 0.3255208328125 0.8101851859375 0.2708333328125 0.8634259265625 0.2565104171875 0.902777778125 0.2552083328125 0.9351851859375 0.265625 0.9976851859375 0.3033854171875 0.9976851859375 0.3098958328125 0.98148148125
1 0.22135416718749998 0.5046296296875 0.22526041718749998 0.4699074078125 0.20442708281250002 0.40972222187499996 0.19140625 0.391203703125 0.1653645828125 0.375 0.1263020828125 0.3888888890625 0.1197916671875 0.40277777812500004 0.12109375 0.45601851875 0.1536458328125 0.516203703125 0.1822916671875 0.51851851875 0.22135416718749998 0.5046296296875
1 0.07682291718749999 0.3425925921875 0.09895833281250001 0.3796296296875 0.109375 0.384259259375 0.1354166671875 0.3796296296875 0.14453125 0.36805555624999997 0.1458333328125 0.34722222187499996 0.1380208328125 0.31944444375000003 0.078125 0.23611111093749998 0.05338541718749999 0.22453703749999998 0.0325520828125 0.22916666718749998 0.02734375 0.24305555625 0.0325520828125 0.29398148125 0.05859375 0.3495370375 0.06380208281250001 0.34027777812500004 0.07682291718749999 0.3425925921875
2 0.37109375 0.4768518515625 0.3580729171875 0.43055555625 0.3489583328125 0.43055555625 0.3489583328125 0.446759259375 0.3411458328125 0.45370370312499997 0.34375 0.49305555625 0.3489583328125 0.5023148140625 0.3645833328125 0.49768518593750005 0.37109375 0.4768518515625
2 0.6510416671875 0.9976851859375 0.66015625 0.9791666671874999 0.6666666671875 0.9166666671874999 0.6744791671875 0.8888888890625 0.6731770828125 0.8773148140625 0.66015625 0.865740740625 0.65625 0.828703703125 0.6419270828125 0.821759259375 0.62109375 0.8518518515625001 0.6158854171875 0.89351851875 0.6171875 0.9259259265625 0.6119791671875 0.9444444437499999 0.6145833328125 0.9976851859375 0.6510416671875 0.9976851859375
2 0.7200520828125 0.928240740625 0.7317708328125 0.9236111109375 0.7395833328125 0.946759259375 0.75 0.9120370375 0.7513020828125 0.8541666671874999 0.7265625 0.79398148125 0.7174479171875 0.796296296875 0.703125 0.8171296296874999 0.6979166671875 0.8263888890625 0.6979166671875 0.8888888890625 0.7109375 0.9004629625 0.7200520828125 0.928240740625
2 0.8971354171874999 0.9166666671874999 0.9270833328125001 0.9351851859375 0.9309895828125001 0.8541666671874999 0.9205729171874999 0.8148148140625 0.9127604171874999 0.8078703703125001 0.9049479171874999 0.821759259375 0.8880208328125001 0.8125 0.8763020828125001 0.8171296296874999 0.8763020828125001 0.8703703703125001 0.8684895828125001 0.89351851875 0.875 0.9259259265625 0.8971354171874999 0.9166666671874999
2 0.9114583328125001 0.7893518515625 0.9322916671874999 0.7430555562500001 0.9388020828125001 0.6921296296875 0.9296875 0.6736111109375 0.9270833328125001 0.6481481484375 0.9036458328125001 0.6643518515625 0.8919270828125001 0.6875 0.8893229171874999 0.7361111109375 0.8932291671874999 0.7569444437499999 0.8997395828125001 0.7870370375 0.9114583328125001 0.7893518515625
2 0.5104166671875 0.884259259375 0.4765625 0.909722221875 0.46484375 0.9328703703125001 0.4557291671875 0.9791666671874999 0.4544270828125 0.9976851859375 0.55859375 0.9976851859375 0.5559895828125 0.9699074078125 0.5104166671875 0.884259259375
2 0.4049479171875 0.4328703703125 0.3971354171875 0.40277777812500004 0.38671875 0.3958333328125 0.3736979171875 0.41898148125 0.3723958328125 0.4328703703125 0.3828125 0.46296296249999996 0.3997395828125 0.48148148125 0.4049479171875 0.4328703703125
2 0.2669270828125 0.358796296875 0.2630208328125 0.3425925921875 0.24739583281250002 0.3379629625 0.24739583281250002 0.41898148125 0.2669270828125 0.4421296296875 0.2708333328125 0.42129629687500003 0.2669270828125 0.358796296875
2 0.6263020828125 0.8171296296874999 0.6536458328125 0.821759259375 0.6575520828125 0.8495370375 0.6627604171875 0.8518518515625001 0.6614583328125 0.8101851859375 0.6705729171875 0.7800925921874999 0.6692708328125 0.759259259375 0.6653645828125 0.7384259265625001 0.6510416671875 0.73148148125 0.6458333328125 0.703703703125 0.6380208328125 0.7013888890625 0.6302083328125 0.7361111109375 0.6184895828125 0.75 0.6184895828125 0.796296296875 0.6263020828125 0.8171296296874999
2 0.6861979171875 0.6944444437499999 0.7005208328125 0.6898148140625 0.703125 0.6458333328125 0.6848958328125 0.5925925921874999 0.6783854171875 0.5949074078125001 0.6640625 0.634259259375 0.6588541671875 0.6759259265625001 0.66796875 0.722222221875 0.6731770828125 0.7245370375 0.6861979171875 0.6944444437499999
2 0.7864583328125 0.891203703125 0.796875 0.8888888890625 0.7955729171875 0.875 0.8033854171874999 0.8518518515625001 0.8033854171874999 0.796296296875 0.81640625 0.766203703125 0.7955729171875 0.73148148125 0.7903645828125 0.6990740734374999 0.7786458328125 0.6990740734374999 0.75 0.7893518515625 0.74609375 0.8148148140625 0.76953125 0.8263888890625 0.7760416671875 0.8726851859375 0.7864583328125 0.891203703125