2 0.1145833328125 0.527777778125 0.1263020828125 0.516203703125 0.1223958328125 0.48379629687500003 0.1041666671875 0.44907407343749994 0.09895833281250001 0.4166666671875 0.08463541718749999 0.42129629687500003 0.078125 0.446759259375 0.078125 0.49768518593750005 0.08333333281250001 0.5208333328125 0.1106770828125 0.546296296875 0.1145833328125 0.527777778125
1 0.22005208281250002 0.509259259375 0.22395833281250002 0.47453703750000004 0.21354166718749998 0.42129629687500003 0.1901041671875 0.391203703125 0.1627604171875 0.3773148140625 0.1236979171875 0.3958333328125 0.1184895828125 0.41898148125 0.1263020828125 0.4675925921875 0.1536458328125 0.51851851875 0.22005208281250002 0.509259259375
2 0.06770833281250001 0.5300925921874999 0.06770833281250001 0.4699074078125 0.05859375 0.43981481406249995 0.0455729171875 0.42129629687500003 0.0325520828125 0.42129629687500003 0.0299479171875 0.43518518593750005 0.02734375 0.48148148125 0.0325520828125 0.5324074078125001 0.05598958281250001 0.5509259265625001 0.06770833281250001 0.5300925921874999
1 0.07942708281250001 0.3703703703125 0.09505208281250001 0.40277777812500004 0.1145833328125 0.40046296249999996 0.1458333328125 0.36805555624999997 0.1393229171875 0.33101851875 0.1236979171875 0.2986111109375 0.1067708328125 0.2800925921875 0.078125 0.2731481484375 0.0546875 0.27777777812500004 0.0442708328125 0.2893518515625 0.0403645828125 0.2824074078125 0.0403645828125 0.3263888890625 0.05338541718749999 0.3379629625 0.05989583281250001 0.36805555624999997 0.07942708281250001 0.3703703703125
1 0.71875 0.73148148125 0.7356770828125 0.73148148125 0.7473958328125 0.7199074078125001 0.7513020828125 0.7013888890625 0.77734375 0.7083333328125 0.8359375 0.66898148125 0.84375 0.6296296296875 0.8463541671874999 0.5625 0.8359375 0.5324074078125001 0.8151041671874999 0.509259259375 0.7747395828125 0.5046296296875 0.7213541671875 0.54398148125 0.71875 0.5555555562500001 0.69921875 0.571759259375 0.6940104171875 0.5925925921874999 0.6705729171875 0.6180555562500001 0.6627604171875 0.641203703125 0.66015625 0.678240740625 0.671875 0.715277778125 0.6848958328125 0.7083333328125 0.71875 0.73148148125
1 0.8723958328125001 0.571759259375 0.87890625 0.553240740625 0.9010416671874999 0.5601851859375 0.921875 0.5393518515625 0.9348958328125001 0.5393518515625 0.9427083328125001 0.5231481484375 0.94921875 0.47222222187499996 0.9453125 0.4606481484375 0.9270833328125001 0.446759259375 0.8841145828125001 0.4328703703125 0.84765625 0.46527777812500004 0.828125 0.5046296296875 0.828125 0.5208333328125 0.83984375 0.5324074078125001 0.8528645828125001 0.5763888890625 0.8723958328125001 0.571759259375
1 0.09505208281250001 0.26851851875 0.08463541718749999 0.24305555625 0.06770833281250001 0.22916666718749998 0.02734375 0.23148148124999998 0.0208333328125 0.24305555625 0.0299479171875 0.266203703125 0.0403645828125 0.2731481484375 0.09505208281250001 0.26851851875
2 0.5651041671875 0.9606481484374999 0.5794270828125 0.9629629625 0.5885416671875 0.9328703703125001 0.5963541671875 0.8009259265625 0.5885416671875 0.7893518515625 0.5807291671875 0.7476851859375 0.5690104171875 0.7546296296875 0.5677083328125 0.784722221875 0.5559895828125 0.7893518515625 0.55859375 0.8333333328125001 0.5442708328125 0.89351851875 0.5481770828125 0.9375 0.5651041671875 0.9606481484374999
2 0.4505208328125 0.8796296296874999 0.4596354171875 0.8611111109375 0.4713541671875 0.8611111109375 0.48046875 0.875 0.4947916671875 0.8518518515625001 0.5013020828125 0.8680555562500001 0.51171875 0.8611111109375 0.50390625 0.828703703125 0.51171875 0.7291666671875 0.5078125 0.7175925921874999 0.4778645828125 0.7291666671875 0.4739583328125 0.7453703703125 0.44921875 0.7731481484375 0.4440104171875 0.7893518515625 0.4388020828125 0.8495370375 0.4322916671875 0.85648148125 0.4466145828125 0.8634259265625 0.4505208328125 0.8796296296874999
2 0.40234375 0.7916666671875 0.41796875 0.7800925921874999 0.421875 0.8055555562500001 0.4270833328125 0.8055555562500001 0.4322916671875 0.759259259375 0.4348958328125 0.7523148140625 0.4466145828125 0.7615740734374999 0.4427083328125 0.7291666671875 0.4544270828125 0.70601851875 0.4544270828125 0.6851851859375 0.4427083328125 0.634259259375 0.4348958328125 0.625 0.4166666671875 0.6296296296875 0.4140625 0.659722221875 0.3932291671875 0.6944444437499999 0.3828125 0.7384259265625001 0.3763020828125 0.784722221875 0.3815104171875 0.8148148140625 0.39453125 0.8101851859375 0.40234375 0.7916666671875
2 0.3684895828125 0.9236111109375 0.3606770828125 0.8240740734375 0.3411458328125 0.7870370375 0.3294270828125 0.784722221875 0.3151041671875 0.8101851859375 0.3098958328125 0.865740740625 0.2877604171875 0.8958333328125001 0.2630208328125 0.9976851859375 0.328125 0.9976851859375 0.3645833328125 0.946759259375 0.3684895828125 0.9236111109375
2 0.4127604171875 0.46527777812500004 0.40625 0.41898148125 0.3932291671875 0.39351851875 0.37890625 0.4074074078125 0.3684895828125 0.4583333328125 0.3763020828125 0.47222222187499996 0.40625 0.48379629687500003 0.4127604171875 0.46527777812500004
2 0.23567708281250002 0.9606481484374999 0.2421875 0.9421296296874999 0.2734375 0.9120370375 0.2760416671875 0.847222221875 0.2565104171875 0.796296296875 0.2421875 0.796296296875 0.19921875 0.8888888890625 0.20052083281250002 0.902777778125 0.21614583281250002 0.902777778125 0.21875 0.9259259265625 0.23567708281250002 0.9606481484374999
2 0.2747395828125 0.8101851859375 0.2903645828125 0.8101851859375 0.2994791671875 0.7824074078125001 0.2955729171875 0.759259259375 0.28125 0.73148148125 0.28125 0.7106481484375 0.2734375 0.70601851875 0.26171875 0.722222221875 0.2513020828125 0.766203703125 0.24348958281250002 0.777777778125 0.24739583281250002 0.7731481484375 0.2747395828125 0.8101851859375
2 0.7760416671875 0.79398148125 0.77734375 0.766203703125 0.7643229171875 0.70601851875 0.7513020828125 0.70601851875 0.73828125 0.7430555562500001 0.7330729171875 0.7870370375 0.7591145828125 0.8263888890625 0.7669270828125 0.8263888890625 0.7760416671875 0.79398148125
2 0.8776041671874999 0.6990740734374999 0.8697916671874999 0.6828703703125 0.8697916671874999 0.6550925921874999 0.8528645828125001 0.652777778125 0.8294270828125001 0.696759259375 0.8177083328125001 0.733796296875 0.8177083328125001 0.8009259265625 0.8255208328125001 0.8078703703125001 0.8450520828125001 0.79398148125 0.8776041671874999 0.6990740734374999