2 0.07942708281250001 0.652777778125 0.07161458281250001 0.5879629625 0.05208333281250001 0.5393518515625 0.03515625 0.5648148140625 0.0325520828125 0.6388888890625 0.05598958281250001 0.6759259265625001 0.06901041718749999 0.6851851859375 0.07942708281250001 0.652777778125
2 0.1770833328125 0.590277778125 0.1536458328125 0.527777778125 0.14453125 0.5324074078125001 0.12890625 0.5856481484375 0.1315104171875 0.625 0.1419270828125 0.6504629625 0.1809895828125 0.6851851859375 0.1770833328125 0.590277778125
1 0.20052083281250002 0.527777778125 0.21875 0.534722221875 0.21875 0.5509259265625001 0.22916666718749998 0.5648148140625 0.2747395828125 0.546296296875 0.2721354171875 0.5 0.23958333281250002 0.43055555625 0.20442708281250002 0.40972222187499996 0.1510416671875 0.43055555625 0.15234375 0.44444444375 0.1705729171875 0.4583333328125 0.1901041671875 0.5115740734374999 0.20052083281250002 0.527777778125
1 0.1614583328125 0.40046296249999996 0.1614583328125 0.36805555624999997 0.15234375 0.3518518515625 0.1510416671875 0.3333333328125 0.1302083328125 0.3009259265625 0.09765625 0.28472222187499996 0.06510416718749999 0.29398148125 0.06380208281250001 0.34722222187499996 0.09505208281250001 0.40972222187499996 0.1536458328125 0.41898148125 0.1614583328125 0.40046296249999996
1 0.06770833281250001 0.23379629687499998 0.0494791671875 0.2476851859375 0.0546875 0.2800925921875 0.1028645828125 0.2708333328125 0.08984375 0.2476851859375 0.06770833281250001 0.23379629687499998
1 0.9388020828125001 0.5740740734374999 0.9348958328125001 0.590277778125 0.9479166671874999 0.597222221875 0.9505208328125001 0.578703703125 0.9388020828125001 0.5740740734374999
2 0.5143229171875 0.946759259375 0.52734375 0.9236111109375 0.5052083328125 0.8773148140625 0.4908854171875 0.828703703125 0.4765625 0.8263888890625 0.4752604171875 0.847222221875 0.4609375 0.89351851875 0.4557291671875 0.9398148140625 0.4661458328125 0.9930555562500001 0.5130208328125 0.9976851859375 0.5143229171875 0.946759259375
2 0.7552083328125 0.7870370375 0.77734375 0.733796296875 0.7825520828125 0.6990740734374999 0.7708333328125 0.6736111109375 0.7682291671875 0.6504629625 0.7421875 0.671296296875 0.734375 0.715277778125 0.7356770828125 0.733796296875 0.7252604171875 0.76851851875 0.73046875 0.8078703703125001 0.7552083328125 0.7870370375
2 0.23177083281250002 0.7824074078125001 0.21354166718749998 0.7129629625 0.20052083281250002 0.6944444437499999 0.1888020828125 0.7129629625 0.1875 0.73148148125 0.1861979171875 0.7870370375 0.1927083328125 0.8703703703125001 0.22526041718749998 0.9259259265625 0.23177083281250002 0.7824074078125001
2 0.1236979171875 0.6828703703125 0.09635416718749999 0.6365740734374999 0.07552083281250001 0.6736111109375 0.07161458281250001 0.6944444437499999 0.07942708281250001 0.7199074078125001 0.1263020828125 0.7916666671875 0.1236979171875 0.6828703703125
2 0.3802083328125 0.54398148125 0.3880208328125 0.5370370375 0.3854166671875 0.490740740625 0.3763020828125 0.45601851875 0.3619791671875 0.4375 0.3619791671875 0.4236111109375 0.3489583328125 0.4236111109375 0.3385416671875 0.4583333328125 0.3307291671875 0.46527777812500004 0.3268229171875 0.5023148140625 0.3333333328125 0.5254629625 0.37109375 0.527777778125 0.3802083328125 0.54398148125
2 0.23177083281250002 0.703703703125 0.23177083281250002 0.58101851875 0.21223958281250002 0.5393518515625 0.203125 0.5416666671875 0.1953125 0.5763888890625 0.1927083328125 0.6111111109375 0.20703125 0.66898148125 0.20442708281250002 0.6759259265625001 0.23177083281250002 0.703703703125
2 0.09114583281250001 0.6203703703125 0.09505208281250001 0.578703703125 0.08333333281250001 0.5300925921874999 0.0625 0.5023148140625 0.05989583281250001 0.48379629687500003 0.05208333281250001 0.4953703703125 0.0494791671875 0.527777778125 0.0703125 0.578703703125 0.07942708281250001 0.6203703703125 0.09114583281250001 0.6203703703125
2 0.1041666671875 0.5833333328125 0.1080729171875 0.5671296296875 0.1041666671875 0.49305555625 0.08203125 0.45601851875 0.0703125 0.4606481484375 0.06770833281250001 0.49305555625 0.08072916718749999 0.51851851875 0.09375 0.571759259375 0.1041666671875 0.5833333328125
2 0.6080729171875 0.5625 0.6184895828125 0.48842592656250006 0.5989583328125 0.46296296249999996 0.5859375 0.48379629687500003 0.5833333328125 0.49305555625 0.5924479171875 0.5046296296875 0.5989583328125 0.5555555562500001 0.6080729171875 0.5625