1 0.6875 0.7476851859375 0.6940104171875 0.7453703703125 0.7044270828125 0.75 0.71484375 0.7824074078125001 0.7395833328125 0.784722221875 0.7513020828125 0.7546296296875 0.796875 0.7129629625 0.8138020828125001 0.7083333328125 0.8411458328125001 0.608796296875 0.7994791671875 0.578703703125 0.7669270828125 0.5671296296875 0.7447916671875 0.5694444437499999 0.6901041671875 0.6111111109375 0.6484375 0.6898148140625 0.6458333328125 0.7361111109375 0.6536458328125 0.7523148140625 0.6848958328125 0.7754629625 0.6875 0.7476851859375
1 0.3841145828125 0.9490740734375 0.4661458328125 0.9930555562500001 0.48046875 0.98148148125 0.4869791671875 0.965277778125 0.4908854171875 0.9120370375 0.5026041671875 0.8680555562500001 0.5260416671875 0.840277778125 0.5208333328125 0.8148148140625 0.4778645828125 0.7245370375 0.4609375 0.7106481484375 0.42578125 0.7106481484375 0.35546875 0.7361111109375 0.3177083328125 0.7615740734374999 0.1940104171875 0.884259259375 0.19140625 0.89351851875 0.2565104171875 0.9976851859375 0.3723958328125 0.9953703703125001 0.3841145828125 0.9490740734375
2 0.1145833328125 0.527777778125 0.1263020828125 0.5138888890625 0.1263020828125 0.5 0.09244791718749999 0.42129629687500003 0.08072916718749999 0.43055555625 0.07942708281250001 0.5046296296875 0.08854166718749999 0.5300925921874999 0.1106770828125 0.5486111109375 0.1145833328125 0.527777778125
1 0.1953125 0.516203703125 0.22265625 0.5 0.22395833281250002 0.47453703750000004 0.21354166718749998 0.42129629687500003 0.1901041671875 0.391203703125 0.1640625 0.3773148140625 0.140625 0.38194444375000003 0.1236979171875 0.3958333328125 0.1184895828125 0.41203703750000004 0.125 0.46527777812500004 0.1536458328125 0.51851851875 0.1953125 0.516203703125
2 0.05859375 0.5509259265625001 0.06770833281250001 0.5324074078125001 0.06770833281250001 0.4699074078125 0.05989583281250001 0.43981481406249995 0.046875 0.42129629687500003 0.0325520828125 0.4236111109375 0.03125 0.43518518593750005 0.0286458328125 0.47453703750000004 0.0338541671875 0.527777778125 0.0403645828125 0.54398148125 0.05859375 0.5509259265625001
1 0.07552083281250001 0.3425925921875 0.078125 0.3541666671875 0.08984375 0.35648148125 0.09635416718749999 0.3796296296875 0.11328125 0.40046296249999996 0.1471354171875 0.36805555624999997 0.14453125 0.3449074078125 0.1341145828125 0.321759259375 0.1067708328125 0.2824074078125 0.08333333281250001 0.2731481484375 0.0625 0.27777777812500004 0.05078125 0.30555555624999997 0.0494791671875 0.3240740734375 0.05989583281250001 0.3541666671875 0.06380208281250001 0.3425925921875 0.07552083281250001 0.3425925921875
1 0.0455729171875 0.296296296875 0.06380208281250001 0.2731481484375 0.09635416718749999 0.2754629625 0.0859375 0.2453703703125 0.06770833281250001 0.22916666718749998 0.0286458328125 0.23148148124999998 0.0260416671875 0.2708333328125 0.0325520828125 0.3101851859375 0.0442708328125 0.3125 0.0455729171875 0.296296296875
2 0.21614583281250002 0.8009259265625 0.2265625 0.7870370375 0.2565104171875 0.777777778125 0.2643229171875 0.7615740734374999 0.265625 0.733796296875 0.2565104171875 0.671296296875 0.22135416718749998 0.652777778125 0.21614583281250002 0.6365740734374999 0.20703125 0.641203703125 0.1966145828125 0.722222221875 0.1875 0.7361111109375 0.1888020828125 0.7731481484375 0.21614583281250002 0.8009259265625
2 0.2981770828125 0.5833333328125 0.30078125 0.5555555562500001 0.3098958328125 0.5324074078125001 0.2864583328125 0.4791666671875 0.2786458328125 0.48379629687500003 0.2682291671875 0.509259259375 0.2708333328125 0.5555555562500001 0.2786458328125 0.553240740625 0.2981770828125 0.5833333328125
2 0.2643229171875 0.45370370312499997 0.2604166671875 0.4074074078125 0.2578125 0.391203703125 0.24348958281250002 0.3888888890625 0.23958333281250002 0.4606481484375 0.24348958281250002 0.47453703750000004 0.2552083328125 0.4768518515625 0.2643229171875 0.45370370312499997
2 0.3072916671875 0.4421296296875 0.296875 0.4375 0.2890625 0.446759259375 0.2890625 0.4675925921875 0.30078125 0.490740740625 0.30859375 0.46527777812500004 0.3072916671875 0.4421296296875
2 0.3489583328125 0.48842592656250006 0.3541666671875 0.46527777812500004 0.3515625 0.446759259375 0.3411458328125 0.4328703703125 0.3411458328125 0.41898148125 0.3333333328125 0.41898148125 0.32421875 0.44907407343749994 0.3255208328125 0.490740740625 0.33203125 0.5 0.3489583328125 0.48842592656250006
2 0.6536458328125 0.965277778125 0.640625 0.9699074078125 0.6341145828125 0.9861111109375 0.6354166671875 0.9976851859375 0.6536458328125 0.9976851859375 0.6536458328125 0.965277778125
2 0.8098958328125001 0.9606481484374999 0.8046875 0.9513888890625 0.8059895828125001 0.9351851859375 0.7903645828125 0.9421296296874999 0.7864583328125 0.9768518515625001 0.7890625 0.9976851859375 0.7955729171875 0.9976851859375 0.8098958328125001 0.9606481484374999
2 0.5885416671875 0.7708333328125 0.58203125 0.7523148140625 0.5703125 0.7523148140625 0.5611979171875 0.7384259265625001 0.5690104171875 0.6944444437499999 0.5559895828125 0.6990740734374999 0.5520833328125 0.7106481484375 0.5559895828125 0.740740740625 0.5520833328125 0.7754629625 0.5885416671875 0.7708333328125
2 0.6263020828125 0.7615740734374999 0.6197916671875 0.7569444437499999 0.6197916671875 0.7384259265625001 0.609375 0.7361111109375 0.5950520828125 0.7569444437499999 0.59375 0.784722221875 0.6145833328125 0.8078703703125001 0.6263020828125 0.7731481484375 0.6263020828125 0.7615740734374999
2 0.6848958328125 0.9351851859375 0.6953125 0.972222221875 0.7005208328125 0.9745370375 0.7096354171875 0.946759259375 0.7252604171875 0.9305555562500001 0.7200520828125 0.9120370375 0.7252604171875 0.9050925921875 0.7122395828125 0.8773148140625 0.7161458328125 0.79398148125 0.7005208328125 0.7476851859375 0.6901041671875 0.7476851859375 0.6888020828125 0.777777778125 0.6666666671875 0.821759259375 0.6692708328125 0.884259259375 0.6783854171875 0.9143518515625001 0.6653645828125 0.9351851859375 0.6848958328125 0.9351851859375