1 0.2630208328125 0.6365740734374999 0.2747395828125 0.6550925921874999 0.2838541671875 0.6898148140625 0.3098958328125 0.6921296296875 0.3671875 0.671296296875 0.3815104171875 0.6574074078125001 0.375 0.5949074078125001 0.3411458328125 0.516203703125 0.3111979171875 0.4768518515625 0.2825520828125 0.4513888890625 0.25 0.4513888890625 0.23046875 0.4606481484375 0.22005208281250002 0.5 0.21875 0.5416666671875 0.22786458281250002 0.60648148125 0.23958333281250002 0.60648148125 0.2630208328125 0.6365740734374999
1 0.1171875 0.875 0.09895833281250001 0.8518518515625001 0.09765625 0.858796296875 0.09244791718749999 0.95601851875 0.09635416718749999 0.9976851859375 0.1848958328125 0.9953703703125001 0.1171875 0.875
1 0.20442708281250002 0.9259259265625 0.24088541718749998 0.9699074078125 0.24479166718749998 0.9351851859375 0.24088541718749998 0.7870370375 0.24869791718749998 0.7615740734374999 0.22395833281250002 0.6134259265625001 0.20572916718749998 0.597222221875 0.1263020828125 0.60648148125 0.1184895828125 0.6180555562500001 0.1302083328125 0.6203703703125 0.1328125 0.6296296296875 0.1119791671875 0.7361111109375 0.1106770828125 0.766203703125 0.125 0.7986111109375 0.1731770828125 0.865740740625 0.20442708281250002 0.9259259265625
1 0.1458333328125 0.48379629687500003 0.1432291671875 0.4166666671875 0.11328125 0.35648148125 0.06380208281250001 0.35648148125 0.05078125 0.3796296296875 0.0546875 0.4675925921875 0.06770833281250001 0.5115740734374999 0.1028645828125 0.49305555625 0.1458333328125 0.48379629687500003
1 0.4700520828125 0.9976851859375 0.6549479171875 0.9976851859375 0.6432291671875 0.953703703125 0.6015625 0.875 0.5455729171875 0.7916666671875 0.5143229171875 0.7615740734374999 0.4700520828125 0.7453703703125 0.4453125 0.75 0.40625 0.7754629625 0.3932291671875 0.8078703703125001 0.390625 0.847222221875 0.4075520828125 0.9259259265625 0.4309895828125 0.9398148140625 0.4700520828125 0.9976851859375
1 0.1263020828125 0.375 0.1484375 0.3726851859375 0.1510416671875 0.3541666671875 0.1419270828125 0.3101851859375 0.125 0.2893518515625 0.1119791671875 0.2800925921875 0.06380208281250001 0.27777777812500004 0.05989583281250001 0.2986111109375 0.06380208281250001 0.3518518515625 0.1041666671875 0.3495370375 0.1263020828125 0.375
2 0.6770833328125 0.803240740625 0.6888020828125 0.8101851859375 0.6927083328125 0.7986111109375 0.7265625 0.8148148140625 0.7330729171875 0.7893518515625 0.7291666671875 0.7754629625 0.7330729171875 0.7523148140625 0.71484375 0.652777778125 0.7161458328125 0.6111111109375 0.7057291671875 0.6111111109375 0.6653645828125 0.6898148140625 0.65625 0.7175925921874999 0.66015625 0.7430555562500001 0.6744791671875 0.7615740734374999 0.6770833328125 0.803240740625
2 0.4869791671875 0.6203703703125 0.50390625 0.578703703125 0.5026041671875 0.5509259265625001 0.4856770828125 0.5069444437499999 0.4778645828125 0.5115740734374999 0.4765625 0.5324074078125001 0.4661458328125 0.5578703703125 0.4778645828125 0.6134259265625001 0.4869791671875 0.6203703703125
2 0.6080729171875 0.4768518515625 0.62109375 0.45601851875 0.6158854171875 0.4236111109375 0.5885416671875 0.42592592656250006 0.5768229171875 0.4050925921875 0.5638020828125 0.4050925921875 0.5546875 0.43981481406249995 0.5533854171875 0.4606481484375 0.55859375 0.47222222187499996 0.5716145828125 0.46527777812500004 0.6080729171875 0.4768518515625
2 0.06380208281250001 0.5949074078125001 0.05208333281250001 0.597222221875 0.04296875 0.6550925921874999 0.09244791718749999 0.7291666671875 0.09765625 0.6458333328125 0.06380208281250001 0.5949074078125001
1 0.05598958281250001 0.3009259265625 0.05989583281250001 0.25694444375000003 0.05078125 0.23379629687499998 0.0442708328125 0.22685185156249998 0.0052083328125 0.22685185156249998 0.0078125 0.2870370375 0.013020832812499999 0.2986111109375 0.04296875 0.29398148125 0.05598958281250001 0.3009259265625