0 0 0.3634259265625 0.013020832812499999 0.46527777812500004 0.0286458328125 0.5023148140625 0.0325520828125 0.527777778125 0.0703125 0.60648148125 0.07942708281250001 0.6388888890625 0.09505208281250001 0.6504629625 0.125 0.6458333328125 0.1848958328125 0.625 0.203125 0.60648148125 0.20572916718749998 0.5393518515625 0.1927083328125 0.48148148125 0.19140625 0.41203703750000004 0.18359375 0.39351851875 0.08723958281250001 0.2800925921875 0.009114582812499999 0.2893518515625 0 0.296296296875 0 0.3634259265625
1 0.4322916671875 0.921296296875 0.4544270828125 0.9583333328125001 0.4661458328125 0.9513888890625 0.46875 0.9305555562500001 0.4778645828125 0.91898148125 0.4947916671875 0.9166666671874999 0.5013020828125 0.9583333328125001 0.5299479171875 0.9976851859375 0.6497395828125 0.9976851859375 0.6067708328125 0.85648148125 0.5833333328125 0.8425925921875 0.5455729171875 0.7824074078125001 0.5143229171875 0.75 0.46484375 0.733796296875 0.44140625 0.7361111109375 0.4075520828125 0.759259259375 0.3971354171875 0.7824074078125001 0.3971354171875 0.8263888890625 0.4088541671875 0.8981481484374999 0.4153645828125 0.9120370375 0.4322916671875 0.921296296875
1 0.2916666671875 0.6851851859375 0.3059895828125 0.7083333328125 0.3268229171875 0.7708333328125 0.3359375 0.7754629625 0.3671875 0.7615740734374999 0.4010416671875 0.759259259375 0.4075520828125 0.7476851859375 0.4192708328125 0.7453703703125 0.4322916671875 0.722222221875 0.4322916671875 0.6805555562500001 0.42578125 0.652777778125 0.4114583328125 0.6296296296875 0.3984375 0.590277778125 0.3606770828125 0.5324074078125001 0.3138020828125 0.4953703703125 0.2825520828125 0.5023148140625 0.2630208328125 0.516203703125 0.2591145828125 0.527777778125 0.2513020828125 0.5879629625 0.2578125 0.6203703703125 0.2565104171875 0.652777778125 0.2916666671875 0.6851851859375
1 0.24088541718749998 0.5833333328125 0.25 0.5833333328125 0.2552083328125 0.5416666671875 0.265625 0.509259259375 0.28515625 0.49768518593750005 0.3138020828125 0.4953703703125 0.27734375 0.41898148125 0.23958333281250002 0.38194444375000003 0.22005208281250002 0.375 0.1888020828125 0.3888888890625 0.203125 0.5115740734374999 0.20833333281250002 0.527777778125 0.23046875 0.5509259265625001 0.24088541718749998 0.5833333328125
0 0.1796875 0.3796296296875 0.19140625 0.3796296296875 0.21875 0.3518518515625 0.21744791718749998 0.266203703125 0.21354166718749998 0.25 0.1979166671875 0.23611111093749998 0.1744791671875 0.222222221875 0.0481770828125 0.22916666718749998 0.04296875 0.23379629687499998 0.0481770828125 0.2615740734375 0.09895833281250001 0.2870370375 0.1796875 0.3796296296875
2 0.2760416671875 0.7800925921874999 0.2721354171875 0.7245370375 0.2760416671875 0.7013888890625 0.2643229171875 0.6851851859375 0.2552083328125 0.6550925921874999 0.24869791718749998 0.6574074078125001 0.24739583281250002 0.6736111109375 0.234375 0.696759259375 0.23567708281250002 0.79398148125 0.2513020828125 0.8101851859375 0.2669270828125 0.7754629625 0.2760416671875 0.7800925921874999
2 0.1497395828125 0.759259259375 0.1458333328125 0.696759259375 0.1328125 0.6851851859375 0.1223958328125 0.6550925921874999 0.1080729171875 0.6620370375 0.08984375 0.7361111109375 0.1341145828125 0.803240740625 0.1458333328125 0.7824074078125001 0.1497395828125 0.759259259375
2 0.55859375 0.7569444437499999 0.5559895828125 0.6921296296875 0.5416666671875 0.6805555562500001 0.5442708328125 0.6504629625 0.5364583328125 0.608796296875 0.5247395828125 0.597222221875 0.5091145828125 0.608796296875 0.50390625 0.6180555562500001 0.5065104171875 0.6319444437499999 0.49609375 0.652777778125 0.4934895828125 0.6921296296875 0.50390625 0.722222221875 0.5442708328125 0.7754629625 0.55859375 0.7569444437499999
2 0.6276041671875 0.7893518515625 0.6419270828125 0.7893518515625 0.6536458328125 0.759259259375 0.6549479171875 0.7013888890625 0.6302083328125 0.6365740734374999 0.6184895828125 0.6319444437499999 0.6171875 0.6504629625 0.5950520828125 0.659722221875 0.5859375 0.6851851859375 0.58203125 0.6990740734374999 0.5846354171875 0.7361111109375 0.609375 0.759259259375 0.6276041671875 0.7893518515625
2 0.3216145828125 0.9976851859375 0.3216145828125 0.9351851859375 0.3111979171875 0.902777778125 0.3151041671875 0.8703703703125001 0.2916666671875 0.8125 0.28125 0.8148148140625 0.2630208328125 0.8703703703125001 0.2682291671875 0.9375 0.265625 0.9976851859375 0.3216145828125 0.9976851859375
2 0.3880208328125 0.8680555562500001 0.375 0.8726851859375 0.3736979171875 0.902777778125 0.3541666671875 0.9375 0.3515625 0.9976851859375 0.41015625 0.9976851859375 0.4075520828125 0.9421296296874999 0.3880208328125 0.8680555562500001
2 0.7265625 0.9745370375 0.7356770828125 0.983796296875 0.7486979171875 0.98148148125 0.7513020828125 0.9976851859375 0.8059895828125001 0.9976851859375 0.8072916671874999 0.9699074078125 0.7890625 0.9050925921875 0.7916666671875 0.8703703703125001 0.7786458328125 0.8078703703125001 0.7565104171875 0.79398148125 0.7513020828125 0.8333333328125001 0.7278645828125 0.8425925921875 0.7044270828125 0.8703703703125001 0.7005208328125 0.884259259375 0.703125 0.928240740625 0.7135416671875 0.9398148140625 0.7265625 0.9745370375
2 0.8177083328125001 0.7916666671875 0.8072916671874999 0.7800925921874999 0.7825520828125 0.7800925921874999 0.7786458328125 0.796296296875 0.7942708328125 0.8125 0.8020833328125001 0.8125 0.8177083328125001 0.7916666671875
2 0.84765625 0.95601851875 0.859375 0.9606481484374999 0.8723958328125001 0.9421296296874999 0.8763020828125001 0.921296296875 0.8802083328125001 0.8703703703125001 0.8736979171874999 0.8194444437499999 0.8528645828125001 0.8055555562500001 0.8294270828125001 0.8680555562500001 0.8138020828125001 0.865740740625 0.8046875 0.884259259375 0.7994791671875 0.902777778125 0.8138020828125001 0.921296296875 0.83203125 0.9259259265625 0.84765625 0.95601851875
2 0.3919270828125 0.4236111109375 0.3776041671875 0.4513888890625 0.37890625 0.4768518515625 0.3997395828125 0.47453703750000004 0.4010416671875 0.4375 0.3919270828125 0.4236111109375