1 0.2916666671875 0.6851851859375 0.3138020828125 0.7453703703125 0.39453125 0.7268518515625 0.40234375 0.722222221875 0.4153645828125 0.6921296296875 0.41015625 0.6365740734374999 0.3723958328125 0.5555555562500001 0.3424479171875 0.5115740734374999 0.3111979171875 0.48379629687500003 0.2734375 0.48379629687500003 0.2552083328125 0.49305555625 0.2421875 0.553240740625 0.24088541718749998 0.597222221875 0.24869791718749998 0.6018518515625 0.26171875 0.641203703125 0.2916666671875 0.6851851859375
1 0.20052083281250002 0.5208333328125 0.21614583281250002 0.51851851875 0.2265625 0.47453703750000004 0.23958333281250002 0.47453703750000004 0.2513020828125 0.48842592656250006 0.2721354171875 0.4768518515625 0.2734375 0.46296296249999996 0.2643229171875 0.43055555625 0.2513020828125 0.4166666671875 0.234375 0.3773148140625 0.1953125 0.3425925921875 0.16796875 0.3449074078125 0.15625 0.35648148125 0.1497395828125 0.3796296296875 0.1536458328125 0.446759259375 0.16796875 0.4513888890625 0.20052083281250002 0.5208333328125
1 0.4348958328125 0.91898148125 0.4375 0.9004629625 0.453125 0.8819444437499999 0.4635416671875 0.902777778125 0.4713541671875 0.9490740734375 0.4986979171875 0.9976851859375 0.6458333328125 0.9976851859375 0.6328125 0.9444444437499999 0.5963541671875 0.875 0.5924479171875 0.8541666671874999 0.5286458328125 0.759259259375 0.50390625 0.740740740625 0.4661458328125 0.7291666671875 0.4388020828125 0.73148148125 0.40625 0.7546296296875 0.3958333328125 0.7754629625 0.3932291671875 0.8009259265625 0.3932291671875 0.847222221875 0.4114583328125 0.9074074078125 0.41796875 0.9166666671874999 0.4348958328125 0.91898148125
0 0 0.4513888890625 0.0260416671875 0.5023148140625 0.1223958328125 0.4768518515625 0.1263020828125 0.4675925921875 0.1263020828125 0.40972222187499996 0.11328125 0.3078703703125 0.03125 0.22685185156249998 0.0169270828125 0.22453703749999998 0 0.22453703749999998 0 0.4513888890625
2 0.1653645828125 0.641203703125 0.1458333328125 0.58101851875 0.1393229171875 0.5833333328125 0.1302083328125 0.6134259265625001 0.1263020828125 0.652777778125 0.1328125 0.6990740734374999 0.1575520828125 0.759259259375 0.1653645828125 0.641203703125
2 0.20442708281250002 0.6921296296875 0.22005208281250002 0.671296296875 0.22135416718749998 0.6296296296875 0.21354166718749998 0.5856481484375 0.20052083281250002 0.546296296875 0.1927083328125 0.5509259265625001 0.1809895828125 0.578703703125 0.1809895828125 0.6226851859375 0.1888020828125 0.641203703125 0.1888020828125 0.659722221875 0.20442708281250002 0.6921296296875
2 0.3763020828125 0.9976851859375 0.3802083328125 0.9861111109375 0.3697916671875 0.9398148140625 0.3671875 0.8981481484374999 0.3776041671875 0.85648148125 0.3372395828125 0.7986111109375 0.3268229171875 0.8055555562500001 0.3177083328125 0.85648148125 0.3151041671875 0.8726851859375 0.3307291671875 0.89351851875 0.359375 0.9884259265625 0.3763020828125 0.9976851859375
2 0.2526041671875 0.902777778125 0.2552083328125 0.821759259375 0.24739583281250002 0.7615740734374999 0.22005208281250002 0.70601851875 0.21484375 0.7453703703125 0.20442708281250002 0.76851851875 0.20052083281250002 0.9074074078125 0.21614583281250002 0.9398148140625 0.22916666718749998 0.9166666671874999 0.2526041671875 0.902777778125
2 0.7513020828125 0.9768518515625001 0.7591145828125 0.9768518515625001 0.7708333328125 0.9976851859375 0.8216145828125001 0.9976851859375 0.8255208328125001 0.9444444437499999 0.8138020828125001 0.9375 0.8033854171874999 0.9120370375 0.8072916671874999 0.875 0.7864583328125 0.8101851859375 0.77734375 0.8148148140625 0.7747395828125 0.828703703125 0.7578125 0.8425925921875 0.7434895828125 0.8425925921875 0.7109375 0.8796296296874999 0.7109375 0.9120370375 0.7200520828125 0.9398148140625 0.7395833328125 0.953703703125 0.7513020828125 0.9768518515625001
2 0.9283854171874999 0.9421296296874999 0.9348958328125001 0.9236111109375 0.9309895828125001 0.909722221875 0.9075520828125001 0.8958333328125001 0.9010416671874999 0.8726851859375 0.9010416671874999 0.803240740625 0.8919270828125001 0.79398148125 0.8515625 0.821759259375 0.8177083328125001 0.8634259265625 0.8138020828125001 0.8958333328125001 0.8255208328125001 0.9305555562500001 0.8828125 0.983796296875 0.9283854171874999 0.9421296296874999
2 0.4153645828125 0.6203703703125 0.4427083328125 0.6319444437499999 0.453125 0.6134259265625001 0.4635416671875 0.5509259265625001 0.4466145828125 0.5069444437499999 0.4309895828125 0.49768518593750005 0.421875 0.5023148140625 0.421875 0.5254629625 0.4049479171875 0.5694444437499999 0.40625 0.597222221875 0.4153645828125 0.6203703703125
2 0.6927083328125 0.7175925921874999 0.7044270828125 0.7384259265625001 0.71484375 0.73148148125 0.7135416671875 0.6944444437499999 0.71875 0.6759259265625001 0.7057291671875 0.6504629625 0.7109375 0.6111111109375 0.69921875 0.597222221875 0.6953125 0.578703703125 0.6888020828125 0.578703703125 0.6536458328125 0.6365740734374999 0.6458333328125 0.6504629625 0.6458333328125 0.6736111109375 0.65234375 0.6898148140625 0.6927083328125 0.7175925921874999