1 0.51171875 0.9050925921875 0.5755208328125 0.9976851859375 0.7356770828125 0.9976851859375 0.7265625 0.9444444437499999 0.6869419640625 0.8740079375 0.6731770828125 0.8333333328125001 0.59765625 0.7430555562500001 0.5390625 0.715277778125 0.5182291671875 0.715277778125 0.4856770828125 0.73148148125 0.4674479171875 0.766203703125 0.46484375 0.8171296296874999 0.4765625 0.8726851859375 0.4895833328125 0.8981481484374999 0.51171875 0.9050925921875
1 0.51171875 0.9050925921875 0.5755208328125 0.9976851859375 0.7356770828125 0.9976851859375 0.7278645828125 0.946759259375 0.6875 0.875 0.6809895828125 0.858796296875 0.6809895828125 0.840277778125 0.58984375 0.7361111109375 0.5390625 0.715277778125 0.5078125 0.7175925921874999 0.4791666671875 0.7384259265625001 0.4674479171875 0.766203703125 0.46484375 0.8171296296874999 0.484375 0.8888888890625 0.4921875 0.9004629625 0.51171875 0.9050925921875
2 0.57421875 0.9976851859375 0.7356770828125 0.9976851859375 0.7291666671875 0.9513888890625 0.6901041671875 0.8796296296874999 0.6809895828125 0.8541666671874999 0.6822916671875 0.8425925921875 0.5989583328125 0.7430555562500001 0.5403645828125 0.715277778125 0.515625 0.715277778125 0.4856770828125 0.73148148125 0.4674479171875 0.766203703125 0.4661458328125 0.8240740734375 0.484375 0.8888888890625 0.5182291671875 0.9143518515625001 0.57421875 0.9976851859375
1 0.15625 0.47453703750000004 0.1614583328125 0.5023148140625 0.1705729171875 0.5046296296875 0.21614583281250002 0.49768518593750005 0.22395833281250002 0.48379629687500003 0.20833333281250002 0.3981481484375 0.1796875 0.358796296875 0.1549479171875 0.3356481484375 0.1263020828125 0.33101851875 0.1119791671875 0.34027777812500004 0.1080729171875 0.35648148125 0.10546875 0.4166666671875 0.1145833328125 0.46296296249999996 0.1341145828125 0.44444444375 0.15625 0.47453703750000004
1 0.1028645828125 0.3634259265625 0.1067708328125 0.3541666671875 0.109375 0.31944444375000003 0.07682291718749999 0.25694444375000003 0.05598958281250001 0.2453703703125 0.02734375 0.25 0.0221354171875 0.2731481484375 0.02734375 0.34027777812500004 0.046875 0.35648148125 0.05078125 0.3703703703125 0.1028645828125 0.3634259265625
2 0.3763020828125 0.9444444437499999 0.3763020828125 0.884259259375 0.3684895828125 0.8495370375 0.3697916671875 0.8333333328125001 0.3619791671875 0.8194444437499999 0.3502604171875 0.766203703125 0.3411458328125 0.7523148140625 0.33203125 0.7523148140625 0.3138020828125 0.8055555562500001 0.3138020828125 0.8796296296874999 0.3372395828125 0.9375 0.3697916671875 0.9768518515625001 0.3763020828125 0.9444444437499999
2 0.41796875 0.6018518515625 0.4270833328125 0.5694444437499999 0.41015625 0.4861111109375 0.40234375 0.48148148125 0.3815104171875 0.516203703125 0.3828125 0.571759259375 0.3919270828125 0.590277778125 0.4036458328125 0.5833333328125 0.41796875 0.6018518515625
2 0.1276041671875 0.7175925921874999 0.1614583328125 0.7430555562500001 0.1653645828125 0.7361111109375 0.1627604171875 0.671296296875 0.16796875 0.625 0.1575520828125 0.534722221875 0.1393229171875 0.5370370375 0.1184895828125 0.49768518593750005 0.1106770828125 0.5046296296875 0.1067708328125 0.527777778125 0.10546875 0.5694444437499999 0.1106770828125 0.6041666671875 0.1067708328125 0.659722221875 0.1276041671875 0.7175925921874999
2 0.5247395828125 0.6759259265625001 0.5221354171875 0.659722221875 0.5325520828125 0.6203703703125 0.5325520828125 0.5995370375 0.5130208328125 0.5555555562500001 0.4986979171875 0.54398148125 0.4856770828125 0.546296296875 0.4817708328125 0.571759259375 0.45703125 0.6134259265625001 0.4544270828125 0.6458333328125 0.4622395828125 0.6620370375 0.5169270828125 0.6990740734374999 0.5247395828125 0.6759259265625001
2 0.6145833328125 0.715277778125 0.6223958328125 0.7175925921874999 0.6236979171875 0.6828703703125 0.6067708328125 0.608796296875 0.5963541671875 0.615740740625 0.59765625 0.6319444437499999 0.5716145828125 0.6504629625 0.5677083328125 0.6620370375 0.5638020828125 0.6805555562500001 0.56640625 0.7199074078125001 0.6002604171875 0.7361111109375 0.6145833328125 0.715277778125
2 0.6692708328125 0.796296296875 0.6588541671875 0.76851851875 0.6549479171875 0.7129629625 0.6471354171875 0.6990740734374999 0.6458333328125 0.6805555562500001 0.6302083328125 0.6759259265625001 0.6328125 0.70601851875 0.6080729171875 0.7361111109375 0.6119791671875 0.7569444437499999 0.6653645828125 0.8263888890625 0.6705729171875 0.821759259375 0.6692708328125 0.796296296875
2 0.6197916671875 0.4583333328125 0.6158854171875 0.4236111109375 0.5911458328125 0.428240740625 0.5755208328125 0.4050925921875 0.5625 0.4050925921875 0.5481770828125 0.41898148125 0.55859375 0.47222222187499996 0.5768229171875 0.46296296249999996 0.609375 0.4768518515625 0.6197916671875 0.4583333328125
2 0.2513020828125 0.391203703125 0.2591145828125 0.3796296296875 0.2591145828125 0.34027777812500004 0.24609375 0.3101851859375 0.23958333281250002 0.3101851859375 0.23177083281250002 0.3333333328125 0.23177083281250002 0.36805555624999997 0.23828125 0.384259259375 0.2513020828125 0.391203703125
2 0.7643229171875 0.85648148125 0.7786458328125 0.8611111109375 0.7916666671875 0.8333333328125001 0.7942708328125 0.8125 0.77734375 0.766203703125 0.7786458328125 0.7291666671875 0.7669270828125 0.6875 0.7578125 0.6828703703125 0.7513020828125 0.7175925921874999 0.734375 0.722222221875 0.7083333328125 0.75 0.7057291671875 0.7893518515625 0.7161458328125 0.8055555562500001 0.7526041671875 0.83101851875 0.7643229171875 0.85648148125
2 0.8255208328125001 0.8263888890625 0.8359375 0.8518518515625001 0.8658854171874999 0.8773148140625 0.8776041671874999 0.9004629625 0.890625 0.8958333328125001 0.9049479171874999 0.8726851859375 0.8984375 0.740740740625 0.8880208328125001 0.7268518515625 0.859375 0.715277778125 0.8580729171874999 0.7291666671875 0.7994791671875 0.7893518515625 0.7981770828125 0.8009259265625 0.8072916671874999 0.83101851875 0.8138020828125001 0.840277778125 0.8255208328125001 0.8263888890625